0	0.1036745406824147	0.214	0.047244094488188976	0.014
0	0.12467191601049869	0.242	0.08923884514435695	0.014
0	0.19028871391076116	0.243	0.028871391076115485	0.014
0	0.12992125984251968	0.2685	0.10236220472440945	0.015
0	0.1167979002624672	0.3285	0.07874015748031496	0.017
0	0.1167979002624672	0.3555	0.07874015748031496	0.015
0	0.2874015748031496	0.328	0.07349081364829396	0.014
0	0.08923884514435695	0.5555	0.031496062992125984	0.013
0	0.09711286089238845	0.5975	0.047244094488188976	0.013
0	0.1010498687664042	0.6325	0.06036745406824147	0.013
0	0.7375328083989501	0.855	0.16010498687664043	0.032
0	0.7532808398950132	0.1755	0.12335958005249344	0.027
0	0.4389763779527559	0.117	0.31627296587926507	0.046
0	0.8070866141732284	0.031	0.13648293963254593	0.04
0	0.13713910761154854	0.1845	0.1167979002624672	0.015
0	0.28083989501312334	0.1855	0.047244094488188976	0.017
0	0.3215223097112861	0.2145	0.14173228346456693	0.015
0	0.3536745406824147	0.2365	0.20078740157480315	0.031
0	0.15616797900262466	0.2995	0.11811023622047244	0.015
0	0.3195538057742782	0.3	0.1377952755905512	0.016
0	0.4035433070866142	0.3565	0.3005249343832021	0.017
0	0.14829396325459318	0.385	0.14173228346456693	0.016
0	0.45603674540682415	0.4205	0.47112860892388453	0.033
0	0.13713910761154854	0.4695	0.1272965879265092	0.015
0	0.3930446194225722	0.5025	0.30577427821522307	0.075
0	0.4967191601049869	0.6335	0.515748031496063	0.015
0	0.47703412073490814	0.6665	0.4816272965879265	0.029
0	0.46653543307086615	0.7185	0.463254593175853	0.043
0	0.1010498687664042	0.759	0.06299212598425197	0.016
0	0.11023622047244094	0.81	0.08136482939632546	0.028
0	0.7572178477690289	0.2205	0.12073490813648294	0.055
