0	0.08202099737532809	0.1355	0.05643044619422572	0.017
0	0.08398950131233596	0.163	0.06036745406824147	0.018
0	0.07742782152230972	0.2185	0.047244094488188976	0.015
0	0.09776902887139108	0.246	0.09317585301837271	0.014
0	0.10039370078740158	0.302	0.09317585301837271	0.014
0	0.6548556430446194	0.207	0.007874015748031496	0.006
0	0.26706036745406825	0.4015	0.05643044619422572	0.015
0	0.34908136482939633	0.4015	0.04199475065616798	0.015
0	0.4717847769028871	0.4005	0.05905511811023622	0.013
0	0.55249343832021	0.4005	0.04461942257217848	0.013
0	0.7578740157480315	0.3845	0.09317585301837271	0.017
0	0.30971128608923887	0.3855	0.03674540682414698	0.017
0	0.09514435695538058	0.463	0.08792650918635171	0.018
0	0.07677165354330709	0.5175	0.045931758530183726	0.013
0	0.07677165354330709	0.602	0.045931758530183726	0.014
0	0.07742782152230972	0.5315	0.047244094488188976	0.013
0	0.08792650918635171	0.5455	0.06824146981627296	0.015
0	0.7644356955380578	0.1615	0.03805774278215223	0.015
0	0.20669291338582677	0.2465	0.051181102362204724	0.015
0	0.2723097112860892	0.462	0.03543307086614173	0.014
0	0.34711286089238846	0.4635	0.045931758530183726	0.017
0	0.473753280839895	0.464	0.026246719160104987	0.014
0	0.550524934383202	0.4615	0.05380577427821522	0.017
0	0.5531496062992126	0.5315	0.045931758530183726	0.015
0	0.5531496062992126	0.5455	0.045931758530183726	0.013
0	0.47506561679790027	0.531	0.026246719160104987	0.014
0	0.47506561679790027	0.5465	0.026246719160104987	0.011
0	0.34776902887139105	0.5325	0.047244094488188976	0.017
0	0.34776902887139105	0.548	0.049868766404199474	0.014
0	0.27296587926509186	0.5325	0.03674540682414698	0.015
0	0.27493438320209973	0.5475	0.04068241469816273	0.013
0	0.5557742782152231	0.711	0.051181102362204724	0.014
0	0.5544619422572179	0.7265	0.05380577427821522	0.017
0	0.4763779527559055	0.7105	0.028871391076115485	0.015
0	0.4776902887139108	0.7285	0.023622047244094488	0.015
0	0.3530183727034121	0.712	0.049868766404199474	0.018
0	0.3530183727034121	0.7275	0.049868766404199474	0.017
0	0.276246719160105	0.7105	0.03805774278215223	0.015
0	0.2782152230971129	0.7265	0.04199475065616798	0.017
0	0.7900262467191601	0.8385	0.08398950131233596	0.017
0	0.7303149606299213	0.902	0.14829396325459318	0.02
0	0.479002624671916	0.7935	0.023622047244094488	0.015
0	0.5570866141732284	0.7965	0.051181102362204724	0.017
0	0.5583989501312336	0.8105	0.051181102362204724	0.015
0	0.48031496062992124	0.813	0.026246719160104987	0.014
0	0.45341207349081364	0.0595	0.17454068241469817	0.047
0	0.24540682414698162	0.1335	0.12860892388451445	0.019
0	0.6541994750656168	0.136	0.1036745406824147	0.018
0	0.6706036745406824	0.163	0.13910761154855644	0.018
0	0.7742782152230971	0.132	0.05774278215223097	0.018
0	0.26706036745406825	0.1605	0.16404199475065617	0.017
0	0.08595800524934383	0.1925	0.06430446194225722	0.021
0	0.234251968503937	0.2175	0.1089238845144357	0.017
0	0.1089238845144357	0.2755	0.11548556430446194	0.017
0	0.30249343832021	0.2745	0.24278215223097113	0.019
0	0.473753280839895	0.302	0.5853018372703412	0.02
0	0.3641732283464567	0.3295	0.3661417322834646	0.017
0	0.15485564304461943	0.3645	0.2020997375328084	0.017
0	0.43700787401574803	0.3675	0.33858267716535434	0.017
0	0.5019685039370079	0.3855	0.1377952755905512	0.017
0	0.7637795275590551	0.51	0.29133858267716534	0.112
0	0.09973753280839895	0.615	0.08923884514435695	0.014
0	0.08530183727034121	0.629	0.05774278215223097	0.014
0	0.08398950131233596	0.6415	0.05774278215223097	0.015
0	0.10695538057742782	0.6565	0.1010498687664042	0.015
0	0.10170603674540682	0.7115	0.09055118110236221	0.015
0	0.1062992125984252	0.7265	0.09973753280839895	0.015
0	0.12467191601049869	0.782	0.13648293963254593	0.014
0	0.15288713910761154	0.7965	0.19816272965879264	0.015
0	0.14698162729658792	0.8115	0.18110236220472442	0.017
0	0.6896325459317585	0.8385	0.1036745406824147	0.017
0	0.80249343832021	0.8495	0.09580052493438321	0.015
