0	0.1419098143236074	0.1845	0.029177718832891247	0.015
0	0.126657824933687	0.344	0.054376657824933686	0.014
0	0.1273209549071618	0.2935	0.05570291777188329	0.015
0	0.6637931034482759	0.2965	0.11538461538461539	0.017
0	0.1870026525198939	0.411	0.09283819628647215	0.014
0	0.35344827586206895	0.4105	0.08355437665782493	0.017
0	0.5457559681697612	0.411	0.03580901856763926	0.014
0	0.5815649867374005	0.4115	0.033156498673740056	0.013
0	0.14854111405835543	0.539	0.09283819628647215	0.014
0	0.7294429708222812	0.943	0.03183023872679045	0.018
0	0.3693633952254642	0.9445	0.054376657824933686	0.017
0	0.276525198938992	0.9435	0.033156498673740056	0.015
0	0.1976127320954907	0.9445	0.11671087533156499	0.015
0	0.9230769230769231	0.8785	0.026525198938992044	0.095
0	0.8229442970822282	0.123	0.07824933687002653	0.042
0	0.3746684350132626	0.123	0.5450928381962865	0.056
0	0.7480106100795756	0.1475	0.13262599469496023	0.021
0	0.3720159151193634	0.168	0.4920424403183024	0.026
0	0.23275862068965517	0.1855	0.1312997347480106	0.013
0	0.1816976127320955	0.2215	0.15915119363395225	0.033
0	0.3746684350132626	0.2215	0.16843501326259946	0.029
0	0.5318302387267905	0.2235	0.10875331564986737	0.031
0	0.7254641909814323	0.224	0.1246684350132626	0.03
0	0.4124668435013263	0.2645	0.11671087533156499	0.017
0	0.5391246684350133	0.2645	0.1259946949602122	0.017
0	0.2619363395225464	0.295	0.09681697612732096	0.018
0	0.2480106100795756	0.342	0.06896551724137931	0.014
0	0.6571618037135278	0.317	0.07294429708222812	0.014
0	0.4761273209549072	0.3785	0.29973474801061006	0.017
0	0.19960212201591512	0.4395	0.11273209549071618	0.019
0	0.19960212201591512	0.467	0.11007957559681697	0.018
0	0.3647214854111406	0.44	0.10610079575596817	0.02
0	0.3640583554376658	0.469	0.10212201591511937	0.02
0	0.5842175066312998	0.4405	0.11007957559681697	0.017
0	0.5822281167108754	0.4685	0.11140583554376658	0.015
0	0.7360742705570292	0.4395	0.10875331564986737	0.015
0	0.7307692307692307	0.412	0.09814323607427056	0.016
0	0.4761273209549072	0.5065	0.3183023872679045	0.019
0	0.46750663129973474	0.6995	0.7095490716180372	0.045
0	0.4781167108753316	0.847	0.7387267904509284	0.052
0	0.47745358090185674	0.8945	0.7320954907161804	0.027
0	0.20490716180371352	0.927	0.1312997347480106	0.016
