0	0.14157014157014158	0.114	0.06692406692406692	0.01
0	0.13127413127413126	0.1465	0.043758043758043756	0.011
0	0.1537966537966538	0.2085	0.09137709137709138	0.011
0	0.14478764478764478	0.2375	0.07335907335907337	0.011
0	0.6814671814671814	0.1765	0.055341055341055344	0.013
0	0.44272844272844275	0.1765	0.043758043758043756	0.013
0	0.4472329472329472	0.303	0.03474903474903475	0.014
0	0.5418275418275418	0.3025	0.043758043758043756	0.013
0	0.5431145431145431	0.3335	0.04633204633204633	0.011
0	0.25675675675675674	0.172	0.05019305019305019	0.02
0	0.39703989703989706	0.3665	0.021879021879021878	0.013
0	0.879021879021879	0.139	0.036036036036036036	0.024
0	0.5328185328185329	0.1715	0.09523809523809523	0.017
0	0.4864864864864865	0.293	0.023166023166023165	0.018
0	0.7857142857142857	0.2945	0.05019305019305019	0.017
0	0.6351351351351351	0.3305	0.05276705276705277	0.015
0	0.7194337194337195	0.3275	0.09523809523809523	0.015
0	0.37966537966537967	0.3665	0.018018018018018018	0.013
0	0.2696267696267696	0.397	0.021879021879021878	0.018
0	0.2876447876447876	0.4955	0.019305019305019305	0.017
0	0.2805662805662806	0.5245	0.02574002574002574	0.015
0	0.2824967824967825	0.5535	0.02702702702702703	0.015
0	0.28442728442728443	0.5855	0.02574002574002574	0.015
0	0.28185328185328185	0.613	0.028314028314028315	0.014
0	0.16344916344916344	0.4895	0.01287001287001287	0.013
0	0.1640926640926641	0.5185	0.014157014157014158	0.015
0	0.16473616473616473	0.548	0.01287001287001287	0.014
0	0.1640926640926641	0.578	0.014157014157014158	0.014
0	0.16473616473616473	0.6085	0.01287001287001287	0.013
0	0.5193050193050193	0.4955	0.05276705276705277	0.017
0	0.5154440154440154	0.525	0.05276705276705277	0.014
0	0.5160875160875161	0.5545	0.04633204633204633	0.015
0	0.5173745173745173	0.5855	0.04633204633204633	0.017
0	0.5154440154440154	0.6125	0.05019305019305019	0.015
0	0.13963963963963963	0.7465	0.0682110682110682	0.013
0	0.8886743886743886	0.872	0.02702702702702703	0.096
0	0.5193050193050193	0.0675	0.27927927927927926	0.023
0	0.4195624195624196	0.107	0.46589446589446587	0.018
0	0.35585585585585583	0.14	0.3410553410553411	0.024
0	0.5688545688545689	0.1465	0.07979407979407979	0.011
0	0.6840411840411841	0.1355	0.08365508365508366	0.017
0	0.814028314028314	0.147	0.04504504504504504	0.012
0	0.15057915057915058	0.1775	0.08236808236808237	0.011
0	0.8275418275418276	0.166	0.18018018018018017	0.036
0	0.4021879021879022	0.2035	0.2947232947232947	0.019
0	0.5894465894465895	0.2375	0.7001287001287001	0.053
0	0.8693693693693694	0.2015	0.0990990990990991	0.015
0	0.7464607464607464	0.209	0.09523809523809523	0.012
0	0.14864864864864866	0.3035	0.08622908622908623	0.013
0	0.2857142857142857	0.296	0.15444015444015444	0.02
0	0.6776061776061776	0.3035	0.08622908622908623	0.013
0	0.1879021879021879	0.333	0.15958815958815958	0.012
0	0.21235521235521235	0.3675	0.2084942084942085	0.011
0	0.48133848133848134	0.3675	0.03088803088803089	0.011
0	0.5688545688545689	0.3675	0.03346203346203346	0.011
0	0.6827541827541828	0.369	0.08108108108108109	0.012
0	0.1615186615186615	0.3965	0.11196911196911197	0.013
0	0.3532818532818533	0.3975	0.1377091377091377	0.015
0	0.5096525096525096	0.3965	0.0694980694980695	0.013
0	0.6254826254826255	0.3955	0.05148005148005148	0.011
0	0.732947232947233	0.3975	0.05019305019305019	0.013
0	0.16602316602316602	0.4525	0.06177606177606178	0.011
0	0.3133848133848134	0.4535	0.06563706563706563	0.011
0	0.5308880308880309	0.459	0.1093951093951094	0.022
0	0.8153153153153153	0.459	0.11711711711711711	0.018
0	0.7574002574002574	0.4975	0.03732303732303732	0.017
0	0.7606177606177607	0.5235	0.04118404118404118	0.017
0	0.758043758043758	0.554	0.036036036036036036	0.018
0	0.7593307593307593	0.5845	0.03861003861003861	0.019
0	0.7586872586872587	0.614	0.03732303732303732	0.018
0	0.1833976833976834	0.6565	0.15572715572715573	0.011
0	0.5971685971685972	0.6495	0.6074646074646075	0.023
0	0.29343629343629346	0.68	0.35006435006435005	0.02
0	0.4240669240669241	0.712	0.23294723294723294	0.018
0	0.5630630630630631	0.879	0.23809523809523808	0.032
0	0.25804375804375806	0.8745	0.28185328185328185	0.019
0	0.18146718146718147	0.951	0.15701415701415702	0.01
0	0.9060489060489061	0.952	0.07207207207207207	0.012
0	0.5	0.792	0.7709137709137709	0.078
0	0.5398970398970399	0.7385	0.7323037323037324	0.021
0	0.1833976833976834	0.717	0.15572715572715573	0.012
