0	0.09186351706036745	0.1395	0.04461942257217848	0.017
0	0.12401574803149606	0.163	0.1010498687664042	0.014
0	0.11220472440944881	0.1905	0.07742782152230972	0.015
0	0.5859580052493438	0.1305	0.027559055118110236	0.013
0	0.6332020997375328	0.13	0.01968503937007874	0.014
0	0.3556430446194226	0.2485	0.07086614173228346	0.013
0	0.1089238845144357	0.3035	0.06824146981627296	0.013
0	0.6246719160104987	0.2435	0.028871391076115485	0.013
0	0.6240157480314961	0.2675	0.027559055118110236	0.013
0	0.11811023622047244	0.377	0.08923884514435695	0.01
0	0.6391076115485564	0.4065	0.10498687664041995	0.015
0	0.678477690288714	0.429	0.028871391076115485	0.014
0	0.5347769028871391	0.4705	0.01706036745406824	0.011
0	0.6404199475065617	0.52	0.10498687664041995	0.014
0	0.6410761154855643	0.57	0.1062992125984252	0.014
0	0.09448818897637795	0.7695	0.028871391076115485	0.013
0	0.5164041994750657	0.6725	0.03543307086614173	0.015
0	0.5183727034120735	0.712	0.03674540682414698	0.018
0	0.6673228346456693	0.7845	0.1141732283464567	0.015
0	0.734251968503937	0.825	0.1377952755905512	0.024
0	0.297244094488189	0.6695	0.18503937007874016	0.027
0	0.328740157480315	0.7075	0.16666666666666666	0.029
0	0.39960629921259844	0.102	0.2742782152230971	0.028
0	0.16141732283464566	0.1365	0.06561679790026247	0.017
0	0.3543307086614173	0.159	0.30971128608923887	0.02
0	0.20341207349081364	0.186	0.06561679790026247	0.014
0	0.4914698162729659	0.207	0.08792650918635171	0.014
0	0.613517060367454	0.2045	0.07480314960629922	0.015
0	0.22178477690288714	0.2245	0.30183727034120733	0.019
0	0.1384514435695538	0.2515	0.1272965879265092	0.017
0	0.25918635170603677	0.248	0.09580052493438321	0.016
0	0.4835958005249344	0.2205	0.1010498687664042	0.017
0	0.4835958005249344	0.244	0.1010498687664042	0.014
0	0.48556430446194226	0.271	0.10236220472440945	0.014
0	0.3838582677165354	0.2605	0.1010498687664042	0.019
0	0.20341207349081364	0.2745	0.2677165354330709	0.019
0	0.5958005249343832	0.2175	0.08136482939632546	0.017
0	0.38976377952755903	0.329	0.6299212598425197	0.038
0	0.15813648293963253	0.389	0.16141732283464566	0.016
0	0.13976377952755906	0.4215	0.12467191601049869	0.027
0	0.4520997375328084	0.3725	0.19291338582677164	0.015
0	0.6338582677165354	0.3815	0.11286089238845144	0.015
0	0.4356955380577428	0.386	0.15223097112860892	0.016
0	0.4566929133858268	0.41	0.1994750656167979	0.018
0	0.44881889763779526	0.442	0.1784776902887139	0.03
0	0.13910761154855644	0.4975	0.12335958005249344	0.031
0	0.14960629921259844	0.5785	0.14173228346456693	0.043
0	0.4146981627296588	0.526	0.10236220472440945	0.016
0	0.43963254593175854	0.5805	0.15223097112860892	0.029
0	0.4645669291338583	0.48	0.2152230971128609	0.028
0	0.6200787401574803	0.667	0.1115485564304462	0.032
0	0.6305774278215223	0.7005	0.0984251968503937	0.027
0	0.5452755905511811	0.7605	0.09317585301837271	0.015
0	0.55249343832021	0.7865	0.10498687664041995	0.017
0	0.6410761154855643	0.7595	0.06167979002624672	0.017
0	0.1377952755905512	0.679	0.11023622047244094	0.014
0	0.13451443569553806	0.7175	0.1036745406824147	0.017
0	0.1272965879265092	0.7565	0.08923884514435695	0.013
0	0.2545931758530184	0.752	0.10498687664041995	0.016
0	0.25656167979002625	0.7725	0.1089238845144357	0.029
0	0.2545931758530184	0.7285	0.11023622047244094	0.015
0	0.24868766404199474	0.6895	0.1010498687664042	0.015
