0	0.14656290531776914	0.8255	0.14007782101167315	0.017
0	0.0959792477302205	0.0795	0.04409857328145266	0.013
0	0.11932555123216602	0.2865	0.0907911802853437	0.011
0	0.10116731517509728	0.695	0.04928664072632944	0.008
0	0.0966277561608301	0.711	0.040207522697795074	0.008
0	0.11997405966277562	0.7435	0.09208819714656291	0.013
0	0.11997405966277562	0.762	0.08690012970168612	0.01
0	0.46173800259403375	0.8285	0.02594033722438392	0.011
0	0.0940337224383917	0.4275	0.0324254215304799	0.011
0	0.6154345006485085	0.6095	0.0324254215304799	0.013
0	0.10246433203631647	0.5275	0.0311284046692607	0.013
0	0.1893644617380026	0.6105	0.0311284046692607	0.011
0	0.38845654993514916	0.7105	0.027237354085603113	0.011
0	0.5804150453955902	0.7095	0.03501945525291829	0.011
0	0.7535667963683528	0.948	0.1556420233463035	0.018
0	0.8916990920881972	0.8265	0.027237354085603113	0.011
0	0.5272373540856031	0.7625	0.055771725032425425	0.013
0	0.08690012970168612	0.595	0.028534370946822308	0.008
0	0.11608300907911803	0.5945	0.02204928664072633	0.011
0	0.10894941634241245	0.5765	0.07003891050583658	0.013
0	0.3417639429312581	0.061	0.543450064850843	0.018
0	0.1543450064850843	0.0785	0.0648508430609598	0.011
0	0.16731517509727625	0.112	0.1893644617380026	0.014
0	0.3955901426718547	0.147	0.6433203631647212	0.028
0	0.11932555123216602	0.199	0.0907911802853437	0.016
0	0.20881971465629054	0.232	0.2697795071335927	0.022
0	0.4098573281452659	0.311	0.648508430609598	0.038
0	0.1621271076523995	0.3785	0.17639429312581065	0.013
0	0.15304798962386512	0.396	0.1582360570687419	0.01
0	0.5486381322957199	0.395	0.10116731517509728	0.01
0	0.5888456549935149	0.4265	0.1815823605706874	0.013
0	0.17444876783398183	0.4945	0.20103761348897536	0.011
0	0.5642023346303502	0.5945	0.13229571984435798	0.011
0	0.19001297016861218	0.6605	0.23216601815823606	0.013
0	0.4098573281452659	0.6615	0.07003891050583658	0.011
0	0.5304798962386511	0.661	0.06744487678339818	0.01
0	0.4066147859922179	0.677	0.06355382619974059	0.014
0	0.4098573281452659	0.694	0.0648508430609598	0.014
0	0.12905317769131	0.68	0.10505836575875487	0.01
0	0.13553826199740596	0.779	0.11802853437094682	0.01
0	0.5642023346303502	0.7765	0.13229571984435798	0.011
0	0.5369649805447471	0.794	0.07782101167315175	0.01
0	0.14461738002594035	0.795	0.13618677042801555	0.008
0	0.11997405966277562	0.8455	0.08690012970168612	0.009
0	0.11932555123216602	0.879	0.08560311284046693	0.01
0	0.122568093385214	0.9135	0.09208819714656291	0.011
0	0.5460440985732814	0.845	0.0959792477302205	0.012
0	0.5499351491569391	0.8785	0.10635538261997406	0.011
0	0.5415045395590142	0.9115	0.08430609597924774	0.011
