0	0.13653846153846153	0.068	0.05512820512820513	0.022
0	0.15512820512820513	0.139	0.10256410256410256	0.024
0	0.15064102564102563	0.1825	0.09102564102564102	0.021
0	0.21346153846153845	0.1835	0.014102564102564103	0.017
0	0.2903846153846154	0.1825	0.12692307692307692	0.025
0	0.3871794871794872	0.184	0.046153846153846156	0.022
0	0.4641025641025641	0.1855	0.08717948717948718	0.025
0	0.6185897435897436	0.187	0.016666666666666666	0.02
0	0.6173076923076923	0.2155	0.014102564102564103	0.021
0	0.6166666666666667	0.268	0.01282051282051282	0.02
0	0.1467948717948718	0.3085	0.09358974358974359	0.025
0	0.5147435897435897	0.6325	0.10897435897435898	0.017
0	0.5916666666666667	0.6345	0.026923076923076925	0.017
0	0.6410256410256411	0.634	0.0641025641025641	0.02
0	0.5974358974358974	0.6495	0.06666666666666667	0.015
0	0.5096153846153846	0.6505	0.09615384615384616	0.021
0	0.7801282051282051	0.7075	0.052564102564102565	0.021
0	0.7794871794871795	0.7435	0.04871794871794872	0.017
0	0.7794871794871795	0.781	0.05384615384615385	0.018
0	0.7788461538461539	0.818	0.05	0.018
0	0.7788461538461539	0.854	0.052564102564102565	0.018
0	0.3942307692307692	0.7015	0.057692307692307696	0.015
0	0.34423076923076923	0.7015	0.019230769230769232	0.015
0	0.3173076923076923	0.7005	0.021794871794871794	0.015
0	0.316025641025641	0.7375	0.019230769230769232	0.017
0	0.34423076923076923	0.7375	0.021794871794871794	0.017
0	0.4	0.774	0.07179487179487179	0.014
0	0.3942307692307692	0.7375	0.05512820512820513	0.015
0	0.34487179487179487	0.774	0.023076923076923078	0.014
0	0.3173076923076923	0.7735	0.019230769230769232	0.011
0	0.1346153846153846	0.876	0.08974358974358974	0.022
0	0.10512820512820513	0.897	0.035897435897435895	0.02
0	0.10961538461538461	0.44	0.12179487179487179	0.02
0	0.38076923076923075	0.6815	0.2	0.053
0	0.38333333333333336	0.724	0.19487179487179487	0.032
0	0.5429487179487179	0.802	0.1576923076923077	0.042
0	0.5243589743589744	0.834	0.2076923076923077	0.06
0	0.882051282051282	0.9325	0.1641025641025641	0.021
0	0.5192307692307693	0.031	0.28717948717948716	0.028
0	0.6685897435897435	0.072	0.2064102564102564	0.024
0	0.8538461538461538	0.0745	0.06153846153846154	0.017
0	0.27692307692307694	0.067	0.07435897435897436	0.02
0	0.18012820512820513	0.11	0.15	0.024
0	0.5230769230769231	0.1145	0.4948717948717949	0.023
0	0.3737179487179487	0.1415	0.22692307692307692	0.017
0	0.6801282051282052	0.1855	0.08846153846153847	0.021
0	0.7833333333333333	0.2185	0.2743589743589744	0.027
0	0.6782051282051282	0.261	0.08205128205128205	0.02
0	0.3108974358974359	0.225	0.4217948717948718	0.048
0	0.27692307692307694	0.265	0.3487179487179487	0.024
0	0.5314102564102564	0.3595	0.7166666666666667	0.059
0	0.11538461538461539	0.457	0.12307692307692308	0.014
0	0.13333333333333333	0.4735	0.16153846153846155	0.017
0	0.14551282051282052	0.4895	0.18333333333333332	0.021
0	0.3403846153846154	0.4565	0.10897435897435898	0.017
0	0.3391025641025641	0.4725	0.1064102564102564	0.013
0	0.3423076923076923	0.4875	0.1076923076923077	0.015
0	0.5673076923076923	0.444	0.1987179487179487	0.02
0	0.5916666666666667	0.4695	0.25256410256410255	0.017
0	0.5826923076923077	0.503	0.23461538461538461	0.034
0	0.5294871794871795	0.5335	0.1358974358974359	0.017
0	0.6096153846153847	0.551	0.28076923076923077	0.018
0	0.532051282051282	0.573	0.14358974358974358	0.018
0	0.8782051282051282	0.573	0.10512820512820513	0.018
0	0.6685897435897435	0.535	0.07051282051282051	0.014
0	0.8769230769230769	0.4675	0.1	0.017
0	0.8916666666666667	0.493	0.0858974358974359	0.02
0	0.8057692307692308	0.4375	0.25	0.029
0	0.8615384615384616	0.633	0.14358974358974358	0.018
0	0.7852564102564102	0.683	0.10128205128205128	0.034
0	0.7467948717948718	0.7265	0.1141025641025641	0.043
0	0.7717948717948718	0.759	0.11025641025641025	0.032
0	0.7858974358974359	0.801	0.11794871794871795	0.03
0	0.7705128205128206	0.832	0.08461538461538462	0.022
0	0.16282051282051282	0.686	0.15128205128205127	0.022
0	0.1564102564102564	0.7225	0.13846153846153847	0.023
0	0.1576923076923077	0.7605	0.1358974358974359	0.021
0	0.15512820512820513	0.7955	0.1358974358974359	0.021
0	0.1576923076923077	0.8335	0.1358974358974359	0.021
0	0.26987179487179486	0.8765	0.16282051282051282	0.027
0	0.3346153846153846	0.907	0.2512820512820513	0.054
0	0.367948717948718	0.8475	0.13076923076923078	0.017
0	0.36666666666666664	0.8105	0.1282051282051282	0.017
0	0.4	0.758	0.21025641025641026	0.052
0	0.591025641025641	0.902	0.1358974358974359	0.024
0	0.6012820512820513	0.933	0.14615384615384616	0.02
0	0.7307692307692307	0.902	0.1	0.016
0	0.7391025641025641	0.9305	0.11666666666666667	0.015
