0	0.13123359580052493	0.247	0.08923884514435695	0.014
0	0.1194225721784777	0.2775	0.07086614173228346	0.013
0	0.12073490813648294	0.3345	0.06824146981627296	0.015
0	0.42782152230971127	0.4325	0.026246719160104987	0.027
0	0.6279527559055118	0.4315	0.051181102362204724	0.025
0	0.8162729658792651	0.4275	0.05511811023622047	0.025
0	0.8064304461942258	0.45	0.05380577427821522	0.014
0	0.6200787401574803	0.4505	0.1141732283464567	0.015
0	0.41863517060367456	0.4525	0.07349081364829396	0.017
0	0.11614173228346457	0.4975	0.05643044619422572	0.017
0	0.1167979002624672	0.543	0.06036745406824147	0.014
0	0.2106299212598425	0.4905	0.1010498687664042	0.025
0	0.5124671916010499	0.86	0.09317585301837271	0.014
0	0.49015748031496065	0.9025	0.045931758530183726	0.015
0	0.7335958005249343	0.8325	0.3569553805774278	0.067
0	0.10826771653543307	0.918	0.04068241469816273	0.014
0	0.7598425196850394	0.487	0.09711286089238845	0.022
0	0.4822834645669291	0.056	0.5813648293963255	0.026
0	0.4816272965879265	0.0825	0.5013123359580053	0.019
0	0.463254593175853	0.142	0.3805774278215223	0.018
0	0.4553805774278215	0.186	0.7427821522309711	0.048
0	0.2585301837270341	0.2475	0.10236220472440945	0.017
0	0.3090551181102362	0.2765	0.2769028871391076	0.019
0	0.30577427821522307	0.304	0.1968503937007874	0.018
0	0.1410761154855643	0.3065	0.1062992125984252	0.015
0	0.239501312335958	0.339	0.09317585301837271	0.016
0	0.3838582677165354	0.367	0.22965879265091863	0.018
0	0.2979002624671916	0.3965	0.14960629921259844	0.033
0	0.15813648293963253	0.365	0.14829396325459318	0.018
0	0.14763779527559054	0.3955	0.1272965879265092	0.017
0	0.16863517060367453	0.44	0.16404199475065617	0.02
0	0.7618110236220472	0.5075	0.12992125984251968	0.015
0	0.7644356955380578	0.5545	0.13517060367454067	0.019
0	0.2841207349081365	0.6005	0.39238845144356954	0.019
0	0.5616797900262467	0.5875	0.11286089238845144	0.041
0	0.15288713910761154	0.6285	0.1377952755905512	0.017
0	0.4409448818897638	0.6275	0.3910761154855643	0.023
0	0.2001312335958005	0.657	0.22440944881889763	0.016
0	0.3930446194225722	0.655	0.07217847769028872	0.02
0	0.400262467191601	0.681	0.11023622047244094	0.032
0	0.2001312335958005	0.686	0.22703412073490814	0.018
0	0.583989501312336	0.7565	0.5879265091863517	0.077
0	0.7001312335958005	0.8745	0.26115485564304464	0.019
0	0.6036745406824147	0.901	0.12860892388451445	0.042
