0	0.15716180371352786	0.268	0.0623342175066313	0.02
0	0.15981432360742706	0.318	0.0649867374005305	0.018
0	0.14787798408488065	0.3665	0.03580901856763926	0.015
0	0.1823607427055703	0.432	0.10212201591511937	0.02
0	0.6730769230769231	0.177	0.054376657824933686	0.008
0	0.6657824933687002	0.186	0.042440318302387266	0.008
0	0.15251989389920426	0.6345	0.04509283819628647	0.017
0	0.4396551724137931	0.1645	0.07559681697612732	0.021
0	0.8879310344827587	0.851	0.05702917771883289	0.144
0	0.9230769230769231	0.958	0.026525198938992044	0.008
0	0.6803713527851459	0.1445	0.06896551724137931	0.013
0	0.7586206896551724	0.1445	0.07957559681697612	0.013
0	0.7519893899204244	0.1165	0.21485411140583555	0.045
0	0.3183023872679045	0.12	0.38461538461538464	0.02
0	0.23474801061007958	0.1655	0.21485411140583555	0.019
0	0.33156498673740054	0.199	0.40318302387267907	0.012
0	0.40119363395225466	0.27	0.09416445623342175	0.014
0	0.4449602122015915	0.3175	0.1816976127320955	0.017
0	0.45689655172413796	0.374	0.20557029177718833	0.03
0	0.7413793103448276	0.3445	0.1909814323607427	0.029
0	0.4980106100795756	0.438	0.28779840848806365	0.032
0	0.4396551724137931	0.477	0.17108753315649866	0.016
0	0.523209549071618	0.5225	0.15782493368700265	0.017
0	0.3905835543766578	0.524	0.07294429708222812	0.014
0	0.76657824933687	0.4505	0.17771883289124668	0.099
0	0.28779840848806365	0.5705	0.3129973474801061	0.015
0	0.6187002652519894	0.574	0.25596816976127323	0.042
0	0.2738726790450928	0.6345	0.1896551724137931	0.015
0	0.23740053050397877	0.679	0.20689655172413793	0.018
0	0.7771883289124668	0.941	0.09018567639257294	0.01
0	0.7970822281167109	0.952	0.10610079575596817	0.01
0	0.6996021220159151	0.951	0.09151193633952255	0.01
0	0.6923076923076923	0.942	0.07692307692307693	0.01
0	0.7407161803713528	0.1775	0.07824933687002653	0.011
0	0.7314323607427056	0.187	0.08885941644562334	0.01
0	0.6942970822281167	0.225	0.07824933687002653	0.026
