0	0.11614173228346457	0.4615	0.08530183727034121	0.013
0	0.21981627296587927	0.461	0.1089238845144357	0.012
0	0.6541994750656168	0.2885	0.06167979002624672	0.015
0	0.3464566929133858	0.28	0.04199475065616798	0.018
0	0.33661417322834647	0.325	0.01968503937007874	0.008
0	0.08792650918635171	0.095	0.03674540682414698	0.018
0	0.16076115485564305	0.095	0.05905511811023622	0.018
0	0.7959317585301837	0.0975	0.13517060367454067	0.015
0	0.09448818897637795	0.835	0.049868766404199474	0.018
0	0.08989501312335958	0.8625	0.03543307086614173	0.015
0	0.13648293963254593	0.8345	0.04199475065616798	0.017
0	0.4717847769028871	0.1745	0.2637795275590551	0.017
0	0.7952755905511811	0.2805	0.2073490813648294	0.023
0	0.1437007874015748	0.2895	0.14829396325459318	0.017
0	0.1437007874015748	0.3325	0.14829396325459318	0.017
0	0.1568241469816273	0.3745	0.16666666666666666	0.015
0	0.17519685039370078	0.4175	0.20603674540682415	0.015
0	0.39501312335958005	0.366	0.13648293963254593	0.022
0	0.431758530183727	0.411	0.2125984251968504	0.018
0	0.5853018372703412	0.5105	0.5170603674540682	0.133
0	0.1594488188976378	0.621	0.17454068241469817	0.03
0	0.4120734908136483	0.624	0.16535433070866143	0.022
0	0.40288713910761154	0.653	0.15223097112860892	0.02
0	0.5984251968503937	0.7665	0.14173228346456693	0.019
0	0.6843832020997376	0.8075	0.30577427821522307	0.073
0	0.19291338582677164	0.8785	0.12860892388451445	0.047
