0	0.8296632124352331	0.1515	0.04533678756476684	0.013
0	0.3076424870466321	0.1505	0.03238341968911917	0.011
0	0.3490932642487047	0.3475	0.050518134715025906	0.013
0	0.15090673575129535	0.69	0.034974093264248704	0.014
0	0.8717616580310881	0.8375	0.02849740932642487	0.103
0	0.5265544041450777	0.0895	0.23963730569948186	0.023
0	0.7597150259067358	0.1355	0.1878238341968912	0.017
0	0.7318652849740933	0.154	0.12435233160621761	0.014
0	0.21178756476683938	0.1515	0.13860103626943004	0.015
0	0.18976683937823835	0.183	0.09455958549222798	0.014
0	0.25906735751295334	0.1815	0.03367875647668394	0.013
0	0.40479274611398963	0.2085	0.22409326424870465	0.017
0	0.20660621761658032	0.2125	0.12823834196891193	0.017
0	0.19430051813471502	0.278	0.10362694300518134	0.014
0	0.6003886010362695	0.302	0.7189119170984456	0.078
0	0.23316062176165803	0.3375	0.18393782383419688	0.015
0	0.241580310880829	0.4185	0.1800518134715026	0.015
0	0.2182642487046632	0.4985	0.1645077720207254	0.017
0	0.34520725388601037	0.494	0.04533678756476684	0.018
0	0.3963730569948187	0.5535	0.15284974093264247	0.015
0	0.22279792746113988	0.5555	0.17875647668393782	0.017
0	0.18264248704663213	0.586	0.046632124352331605	0.016
0	0.25582901554404147	0.5825	0.04015544041450777	0.017
0	0.34650259067357514	0.5855	0.034974093264248704	0.017
0	0.4423575129533679	0.5845	0.05569948186528497	0.015
0	0.21178756476683938	0.632	0.15932642487046633	0.024
0	0.3400259067357513	0.629	0.042746113989637305	0.02
0	0.8633419689119171	0.9575	0.07642487046632124	0.019
