0	0.176696542893726	0.182	0.058898847631242	0.02
0	0.3373879641485275	0.182	0.0499359795134443	0.018
0	0.16005121638924455	0.235	0.15620998719590268	0.02
0	0.9494238156209988	0.8595	0.02176696542893726	0.071
0	0.0998719590268886	0.7575	0.030729833546734954	0.013
0	0.5172855313700384	0.068	0.2791293213828425	0.018
0	0.4327784891165173	0.128	0.39436619718309857	0.022
0	0.14532650448143405	0.1285	0.1293213828425096	0.019
0	0.2580025608194622	0.181	0.08066581306017925	0.018
0	0.3758002560819462	0.232	0.16517285531370038	0.02
0	0.44366197183098594	0.288	0.3905249679897567	0.02
0	0.1440460947503201	0.2875	0.1267605633802817	0.019
0	0.13060179257362356	0.35	0.0973111395646607	0.036
0	0.15108834827144688	0.4075	0.14084507042253522	0.019
0	0.13700384122919335	0.463	0.11011523687580026	0.018
0	0.15108834827144688	0.5235	0.1382842509603073	0.033
0	0.1530089628681178	0.6265	0.14212548015364918	0.037
0	0.38348271446862997	0.634	0.16517285531370038	0.02
0	0.7458386683738797	0.771	0.12419974391805377	0.016
0	0.7407170294494239	0.788	0.11907810499359796	0.018
0	0.7432778489116517	0.805	0.12419974391805377	0.016
0	0.5025608194622279	0.772	0.09603072983354674	0.016
0	0.5038412291933418	0.7895	0.09859154929577464	0.017
0	0.5019206145966709	0.808	0.09475032010243278	0.018
0	0.5057618437900128	0.8255	0.0998719590268886	0.015
0	0.529449423815621	0.8425	0.15492957746478872	0.017
0	0.5147247119078106	0.8605	0.117797695262484	0.017
0	0.5032010243277849	0.876	0.09475032010243278	0.018
0	0.3386683738796415	0.774	0.1088348271446863	0.014
0	0.3405889884763124	0.79	0.11267605633802817	0.018
0	0.3386683738796415	0.807	0.1088348271446863	0.016
0	0.3361075544174136	0.826	0.09603072983354674	0.016
0	0.34314980793854033	0.843	0.117797695262484	0.016
0	0.3412291933418694	0.8605	0.11139564660691421	0.017
0	0.1299615877080666	0.774	0.09090909090909091	0.014
0	0.13636363636363635	0.7925	0.10115236875800256	0.015
0	0.147247119078105	0.8095	0.12548015364916773	0.015
0	0.14788732394366197	0.8265	0.1267605633802817	0.017
0	0.12612035851472472	0.845	0.08322663252240717	0.014
0	0.1299615877080666	0.8625	0.09090909090909091	0.015
