0	0.16777188328912468	0.1775	0.054376657824933686	0.015
0	0.15450928381962864	0.2095	0.027851458885941646	0.013
0	0.15716180371352786	0.2405	0.027851458885941646	0.015
0	0.42108753315649866	0.302	0.046419098143236075	0.014
0	0.48010610079575594	0.3645	0.010610079575596816	0.013
0	0.16843501326259946	0.332	0.050397877984084884	0.014
0	0.1909814323607427	0.4965	0.10344827586206896	0.015
0	0.736737400530504	0.7865	0.08090185676392574	0.025
0	0.7374005305039788	0.8045	0.04774535809018567	0.015
0	0.7460212201591512	0.8195	0.05172413793103448	0.017
0	0.9071618037135278	0.844	0.023872679045092837	0.07
0	0.5450928381962865	0.15	0.2864721485411141	0.016
0	0.2546419098143236	0.179	0.09814323607427056	0.014
0	0.2413793103448276	0.21	0.10875331564986737	0.014
0	0.5278514588859416	0.2405	0.6816976127320955	0.017
0	0.6352785145888594	0.2735	0.47480106100795755	0.019
0	0.23342175066312998	0.3025	0.1856763925729443	0.015
0	0.4489389920424403	0.332	0.10212201591511937	0.014
0	0.2354111405835544	0.3635	0.19230769230769232	0.017
0	0.1956233421750663	0.394	0.11007957559681697	0.014
0	0.22214854111405835	0.4235	0.16312997347480107	0.015
0	0.2427055702917772	0.452	0.20689655172413793	0.016
0	0.4303713527851459	0.4235	0.05968169761273209	0.015
0	0.42838196286472147	0.4535	0.0610079575596817	0.015
0	0.23209549071618038	0.5425	0.1856763925729443	0.015
0	0.46220159151193635	0.5455	0.1312997347480106	0.015
0	0.1989389920424403	0.573	0.11936339522546419	0.018
0	0.46684350132625996	0.5755	0.14588859416445624	0.017
0	0.22413793103448276	0.6045	0.17506631299734748	0.017
0	0.46220159151193635	0.604	0.13660477453580902	0.018
0	0.2572944297082228	0.6355	0.2440318302387268	0.015
0	0.23342175066312998	0.6655	0.1962864721485411	0.015
0	0.5769230769230769	0.657	0.246684350132626	0.08
0	0.41644562334217505	0.698	0.04509283819628647	0.018
0	0.19496021220159152	0.6965	0.11936339522546419	0.015
0	0.25	0.7255	0.22679045092838196	0.015
0	0.4946949602122016	0.757	0.1962864721485411	0.014
0	0.4608753315649867	0.7865	0.13395225464190982	0.015
0	0.4469496021220159	0.803	0.10610079575596817	0.014
0	0.46684350132625996	0.815	0.14588859416445624	0.016
