0	0.17440318302387267	0.1415	0.07029177718832891	0.015
0	0.596816976127321	0.1375	0.06631299734748011	0.015
0	0.6193633952254642	0.2345	0.09283819628647215	0.017
0	0.16047745358090185	0.2615	0.04774535809018567	0.015
0	0.17374005305039789	0.3075	0.06896551724137931	0.015
0	0.253315649867374	0.2575	0.03713527851458886	0.013
0	0.2579575596816976	0.275	0.022546419098143235	0.014
0	0.2572944297082228	0.2915	0.026525198938992044	0.011
0	0.2553050397877984	0.3045	0.03580901856763926	0.011
0	0.7393899204244032	0.2565	0.027851458885941646	0.013
0	0.7380636604774535	0.288	0.07824933687002653	0.014
0	0.629973474801061	0.2605	0.11140583554376658	0.015
0	0.15782493368700265	0.334	0.03713527851458886	0.014
0	0.20689655172413793	0.333	0.04774535809018567	0.018
0	0.5543766578249337	0.3725	0.09018567639257294	0.015
0	0.17307692307692307	0.3945	0.0649867374005305	0.015
0	0.16180371352785147	0.4125	0.04509283819628647	0.013
0	0.16843501326259946	0.4265	0.06631299734748011	0.013
0	0.27984084880636606	0.3945	0.026525198938992044	0.013
0	0.28116710875331563	0.413	0.01856763925729443	0.01
0	0.27519893899204245	0.4265	0.038461538461538464	0.015
0	0.7214854111405835	0.3905	0.026525198938992044	0.013
0	0.7228116710875332	0.407	0.026525198938992044	0.01
0	0.7214854111405835	0.4245	0.023872679045092837	0.013
0	0.2572944297082228	0.6545	0.04774535809018567	0.015
0	0.28183023872679047	0.6685	0.09416445623342175	0.013
0	0.2672413793103448	0.683	0.07029177718832891	0.014
0	0.46684350132625996	0.6965	0.03713527851458886	0.013
0	0.6485411140583555	0.6975	0.06631299734748011	0.017
0	0.6419098143236074	0.6485	0.023872679045092837	0.015
0	0.8242705570291777	0.6665	0.014588859416445624	0.015
0	0.8269230769230769	0.6815	0.01989389920424403	0.013
0	0.8322281167108754	0.6935	0.07824933687002653	0.013
0	0.22015915119363394	0.8925	0.029177718832891247	0.017
0	0.9051724137931034	0.812	0.01989389920424403	0.07
0	0.26326259946949604	0.33	0.022546419098143235	0.018
0	0.29442970822281167	0.331	0.029177718832891247	0.02
0	0.32161803713527853	0.33	0.01989389920424403	0.018
0	0.5039787798408488	0.109	0.36074270557029176	0.016
0	0.3693633952254642	0.1405	0.2718832891246684	0.015
0	0.753315649867374	0.1365	0.13262599469496023	0.021
0	0.7513262599469496	0.168	0.1312997347480106	0.014
0	0.1724137931034483	0.171	0.06631299734748011	0.02
0	0.3322281167108753	0.168	0.19496021220159152	0.018
0	0.6153846153846154	0.168	0.10344827586206896	0.02
0	0.44297082228116713	0.1965	0.13262599469496023	0.019
0	0.6107427055702918	0.1905	0.19230769230769232	0.017
0	0.5185676392572944	0.2125	0.21220159151193635	0.017
0	0.22214854111405835	0.2375	0.17374005305039789	0.015
0	0.1876657824933687	0.277	0.09681697612732096	0.02
0	0.1810344827586207	0.2925	0.08885941644562334	0.013
0	0.6326259946949602	0.275	0.11405835543766578	0.014
0	0.6306366047745358	0.2905	0.11273209549071618	0.017
0	0.620026525198939	0.332	0.08885941644562334	0.018
0	0.7413793103448276	0.2755	0.07161803713527852	0.017
0	0.7201591511936339	0.3305	0.0610079575596817	0.019
0	0.21949602122015915	0.372	0.16047745358090185	0.018
0	0.5941644562334217	0.395	0.16976127320954906	0.02
0	0.6041114058355438	0.411	0.19230769230769232	0.014
0	0.5988063660477454	0.4265	0.1816976127320955	0.017
0	0.22679045092838196	0.4575	0.1724137931034483	0.015
0	0.5324933687002652	0.4805	0.7758620689655172	0.037
0	0.5185676392572944	0.51	0.7559681697612732	0.034
0	0.5192307692307693	0.541	0.7519893899204244	0.034
0	0.4953580901856764	0.5725	0.7095490716180372	0.033
0	0.20291777188328913	0.6085	0.1273209549071618	0.015
0	0.5789124668435013	0.6075	0.5477453580901857	0.019
0	0.2519893899204244	0.637	0.22281167108753316	0.018
0	0.28514588859416445	0.727	0.2891246684350133	0.018
0	0.5444297082228117	0.757	0.6962864721485411	0.048
0	0.3149867374005305	0.8945	0.123342175066313	0.015
