0	0.12270341207349081	0.128	0.08792650918635171	0.014
0	0.11614173228346457	0.159	0.07742782152230972	0.014
0	0.1384514435695538	0.244	0.1272965879265092	0.014
0	0.639763779527559	0.2265	0.03805774278215223	0.017
0	0.6391076115485564	0.242	0.03674540682414698	0.014
0	0.7007874015748031	0.226	0.04199475065616798	0.014
0	0.7001312335958005	0.2435	0.03543307086614173	0.017
0	0.7742782152230971	0.228	0.06036745406824147	0.014
0	0.7716535433070866	0.239	0.04461942257217848	0.014
0	0.8615485564304461	0.23	0.051181102362204724	0.014
0	0.8641732283464567	0.2835	0.03543307086614173	0.015
0	0.13451443569553806	0.3615	0.1272965879265092	0.017
0	0.31299212598425197	0.4365	0.06167979002624672	0.015
0	0.5124671916010499	0.4355	0.027559055118110236	0.011
0	0.6108923884514436	0.435	0.01706036745406824	0.014
0	0.7060367454068242	0.4345	0.028871391076115485	0.009
0	0.7952755905511811	0.435	0.026246719160104987	0.012
0	0.8746719160104987	0.436	0.027559055118110236	0.012
0	0.8772965879265092	0.4655	0.02230971128608924	0.015
0	0.797244094488189	0.4665	0.01706036745406824	0.017
0	0.7060367454068242	0.4645	0.01837270341207349	0.017
0	0.6122047244094488	0.4665	0.01968503937007874	0.015
0	0.5137795275590551	0.467	0.02230971128608924	0.014
0	0.5065616797900262	0.4875	0.03412073490813648	0.019
0	0.6095800524934383	0.487	0.03280839895013123	0.014
0	0.7040682414698163	0.4855	0.04068241469816273	0.013
0	0.7926509186351706	0.4875	0.03674540682414698	0.015
0	0.8727034120734908	0.486	0.031496062992125984	0.014
0	0.08070866141732283	0.5275	0.1272965879265092	0.011
0	0.5255905511811023	0.4055	0.05380577427821522	0.013
0	0.6246719160104987	0.4055	0.05511811023622047	0.017
0	0.7106299212598425	0.406	0.024934383202099737	0.014
0	0.8110236220472441	0.4035	0.049868766404199474	0.015
0	0.8772965879265092	0.4035	0.02230971128608924	0.015
0	0.43372703412073493	0.3635	0.03543307086614173	0.017
0	0.244750656167979	0.532	0.051181102362204724	0.014
0	0.39501312335958005	0.5285	0.04461942257217848	0.017
0	0.5328083989501312	0.528	0.06561679790026247	0.018
0	0.8202099737532809	0.5265	0.031496062992125984	0.017
0	0.20603674540682415	0.556	0.03412073490813648	0.018
0	0.28346456692913385	0.554	0.06561679790026247	0.018
0	0.3556430446194226	0.5545	0.031496062992125984	0.015
0	0.4356955380577428	0.554	0.06036745406824147	0.02
0	0.49934383202099736	0.5525	0.027559055118110236	0.013
0	0.573490813648294	0.553	0.06036745406824147	0.014
0	0.6469816272965879	0.5535	0.031496062992125984	0.013
0	0.7276902887139107	0.5525	0.06167979002624672	0.013
0	0.7900262467191601	0.5525	0.028871391076115485	0.011
0	0.8681102362204725	0.551	0.05905511811023622	0.012
0	0.5013123359580053	0.5845	0.04199475065616798	0.015
0	0.44028871391076113	0.5865	0.04068241469816273	0.015
0	0.36023622047244097	0.584	0.05380577427821522	0.014
0	0.2900262467191601	0.5865	0.04199475065616798	0.015
0	0.2211286089238845	0.5855	0.07480314960629922	0.017
0	0.21719160104986876	0.615	0.06692913385826772	0.014
0	0.21653543307086615	0.6455	0.06824146981627296	0.015
0	0.223753280839895	0.6775	0.07480314960629922	0.015
0	0.2178477690288714	0.7065	0.07086614173228346	0.013
0	0.22244094488188976	0.7375	0.07217847769028872	0.015
0	0.20341207349081364	0.7725	0.05511811023622047	0.015
0	0.28805774278215224	0.6155	0.045931758530183726	0.015
0	0.35826771653543305	0.6155	0.06036745406824147	0.017
0	0.36089238845144356	0.647	0.07611548556430446	0.014
0	0.291994750656168	0.649	0.048556430446194225	0.012
0	0.2887139107611549	0.6785	0.05249343832020997	0.019
0	0.3648293963254593	0.679	0.07874015748031496	0.018
0	0.36023622047244097	0.7055	0.06955380577427822	0.019
0	0.28805774278215224	0.7065	0.051181102362204724	0.019
0	0.28937007874015747	0.74	0.048556430446194225	0.02
0	0.2874015748031496	0.7705	0.05774278215223097	0.019
0	0.34448818897637795	0.7695	0.04330708661417323	0.015
0	0.3615485564304462	0.737	0.06955380577427822	0.014
0	0.442257217847769	0.679	0.04199475065616798	0.02
0	0.44028871391076113	0.7065	0.03805774278215223	0.017
0	0.4416010498687664	0.7395	0.04330708661417323	0.017
0	0.43963254593175854	0.7695	0.05511811023622047	0.021
0	0.49868766404199477	0.7705	0.04461942257217848	0.015
0	0.4973753280839895	0.739	0.049868766404199474	0.014
0	0.5019685039370079	0.7045	0.051181102362204724	0.019
0	0.5065616797900262	0.675	0.05774278215223097	0.018
0	0.5098425196850394	0.646	0.06692913385826772	0.018
0	0.5039370078740157	0.6155	0.05249343832020997	0.017
0	0.43832020997375326	0.617	0.04199475065616798	0.014
0	0.4376640419947507	0.65	0.045931758530183726	0.014
0	0.5820209973753281	0.5825	0.04330708661417323	0.015
0	0.5820209973753281	0.6165	0.04330708661417323	0.017
0	0.5826771653543307	0.646	0.05511811023622047	0.02
0	0.5820209973753281	0.678	0.04330708661417323	0.014
0	0.5807086614173228	0.7055	0.05380577427821522	0.019
0	0.5800524934383202	0.7405	0.04461942257217848	0.017
0	0.5813648293963255	0.771	0.04199475065616798	0.014
0	0.6541994750656168	0.5815	0.06692913385826772	0.015
0	0.6482939632545932	0.6135	0.05774278215223097	0.015
0	0.6581364829396326	0.6465	0.06955380577427822	0.015
0	0.6568241469816273	0.677	0.06955380577427822	0.02
0	0.6548556430446194	0.7045	0.06561679790026247	0.019
0	0.655511811023622	0.738	0.06692913385826772	0.02
0	0.652230971128609	0.771	0.05511811023622047	0.012
0	0.7316272965879265	0.584	0.048556430446194225	0.014
0	0.7316272965879265	0.614	0.04330708661417323	0.014
0	0.7368766404199475	0.647	0.04330708661417323	0.018
0	0.7309711286089239	0.677	0.04461942257217848	0.02
0	0.7322834645669292	0.706	0.04199475065616798	0.018
0	0.7329396325459318	0.7405	0.03280839895013123	0.017
0	0.7329396325459318	0.771	0.03805774278215223	0.02
0	0.7959317585301837	0.5815	0.04330708661417323	0.015
0	0.797244094488189	0.6135	0.045931758530183726	0.013
0	0.8070866141732284	0.645	0.06561679790026247	0.014
0	0.8057742782152231	0.678	0.05774278215223097	0.012
0	0.8057742782152231	0.7025	0.05774278215223097	0.021
0	0.800524934383202	0.7385	0.049868766404199474	0.017
0	0.791994750656168	0.77	0.04330708661417323	0.014
0	0.8720472440944882	0.5825	0.051181102362204724	0.017
0	0.863517060367454	0.613	0.049868766404199474	0.012
0	0.8694225721784777	0.646	0.048556430446194225	0.012
0	0.8681102362204725	0.6765	0.04068241469816273	0.013
0	0.8667979002624672	0.706	0.048556430446194225	0.018
0	0.8615485564304461	0.738	0.051181102362204724	0.018
0	0.8648293963254593	0.769	0.04199475065616798	0.014
0	0.8038057742782152	0.8935	0.16404199475065617	0.021
0	0.18110236220472442	0.836	0.06561679790026247	0.014
0	0.1883202099737533	0.8535	0.09580052493438321	0.011
0	0.19160104986876642	0.868	0.11811023622047244	0.014
0	0.1036745406824147	0.8015	0.08923884514435695	0.013
0	0.1830708661417323	0.802	0.06167979002624672	0.014
0	0.2440944881889764	0.801	0.07874015748031496	0.014
0	0.28937007874015747	0.801	0.01968503937007874	0.014
0	0.349737532808399	0.802	0.1010498687664042	0.012
0	0.410761154855643	0.7965	0.026246719160104987	0.013
0	0.44422572178477693	0.7985	0.027559055118110236	0.013
0	0.48293963254593175	0.7995	0.03674540682414698	0.015
0	0.5413385826771654	0.7995	0.07480314960629922	0.011
0	0.5912073490813649	0.7995	0.024934383202099737	0.011
0	0.6259842519685039	0.7985	0.031496062992125984	0.013
0	0.681758530183727	0.798	0.07480314960629922	0.014
0	0.7388451443569554	0.7975	0.04461942257217848	0.017
0	0.7874015748031497	0.7985	0.05511811023622047	0.013
0	0.844488188976378	0.7975	0.051181102362204724	0.017
0	0.03280839895013123	0.799	0.04461942257217848	0.018
0	0.19094488188976377	0.0745	0.22440944881889763	0.029
0	0.6929133858267716	0.0475	0.09186351706036745	0.017
0	0.687007874015748	0.062	0.09317585301837271	0.014
0	0.6719160104986877	0.0795	0.06824146981627296	0.013
0	0.6076115485564304	0.049	0.05774278215223097	0.014
0	0.5853018372703412	0.0655	0.09973753280839895	0.015
0	0.5990813648293963	0.0805	0.07217847769028872	0.015
0	0.4448818897637795	0.1235	0.4041994750656168	0.021
0	0.5013123359580053	0.164	0.5249343832020997	0.048
0	0.3293963254593176	0.206	0.16272965879265092	0.018
0	0.1384514435695538	0.212	0.12467191601049869	0.014
0	0.27493438320209973	0.2415	0.1167979002624672	0.017
0	0.2769028871391076	0.2855	0.11548556430446194	0.021
0	0.4704724409448819	0.249	0.24540682414698162	0.034
0	0.8667979002624672	0.242	0.04330708661417323	0.012
0	0.7749343832020997	0.2825	0.04330708661417323	0.017
0	0.699475065616798	0.2835	0.031496062992125984	0.017
0	0.6384514435695539	0.282	0.03543307086614173	0.014
0	0.6115485564304461	0.3045	0.5223097112860893	0.031
0	0.4671916010498688	0.283	0.2283464566929134	0.016
0	0.699475065616798	0.3355	0.1968503937007874	0.015
0	0.5170603674540682	0.3575	0.049868766404199474	0.029
0	0.6108923884514436	0.358	0.045931758530183726	0.03
0	0.7020997375328084	0.3585	0.06036745406824147	0.031
0	0.7946194225721784	0.355	0.051181102362204724	0.026
0	0.8733595800524935	0.357	0.04330708661417323	0.028
0	0.33661417322834647	0.4055	0.1089238845144357	0.019
0	0.34120734908136485	0.467	0.13123359580052493	0.018
0	0.6876640419947506	0.5275	0.047244094488188976	0.019
0	0.08923884514435695	0.5895	0.13910761154855644	0.031
0	0.08727034120734908	0.621	0.1377952755905512	0.028
0	0.08530183727034121	0.6495	0.13910761154855644	0.033
0	0.09186351706036745	0.6835	0.14698162729658792	0.029
0	0.07283464566929133	0.7125	0.1115485564304462	0.029
0	0.08464566929133858	0.745	0.14041994750656167	0.03
0	0.08005249343832022	0.779	0.12598425196850394	0.028
0	0.38648293963254593	0.836	0.26115485564304464	0.014
0	0.655511811023622	0.836	0.2585301837270341	0.018
0	0.655511811023622	0.8525	0.2532808398950131	0.019
0	0.6437007874015748	0.8685	0.24015748031496062	0.025
0	0.36548556430446194	0.8545	0.22440944881889763	0.017
0	0.3851706036745407	0.8705	0.25065616797900264	0.017
