0	0.6423884514435696	0.1085	0.01968503937007874	0.013
0	0.46391076115485563	0.461	0.02230971128608924	0.014
0	0.7408136482939632	0.8585	0.15354330708661418	0.021
0	0.5866141732283464	0.9075	0.07086614173228346	0.017
0	0.7874015748031497	0.465	0.04199475065616798	0.014
0	0.09448818897637795	0.0355	0.08661417322834646	0.013
0	0.4757217847769029	0.073	0.42650918635170604	0.028
0	0.4744094488188976	0.1075	0.2926509186351706	0.013
0	0.5931758530183727	0.13	0.12335958005249344	0.014
0	0.5918635170603674	0.1495	0.11811023622047244	0.015
0	0.5301837270341208	0.171	0.2440944881889764	0.018
0	0.6568241469816273	0.1945	0.16929133858267717	0.017
0	0.6515748031496063	0.2085	0.15879265091863518	0.015
0	0.8346456692913385	0.191	0.06824146981627296	0.018
0	0.8254593175853019	0.2115	0.08661417322834646	0.015
0	0.11351706036745407	0.176	0.1141732283464567	0.016
0	0.27034120734908135	0.227	0.2047244094488189	0.058
0	0.15879265091863518	0.3465	0.2073490813648294	0.017
0	0.4862204724409449	0.3975	0.19553805774278216	0.029
0	0.7952755905511811	0.3985	0.13910761154855644	0.031
0	0.16272965879265092	0.431	0.17060367454068243	0.018
0	0.14829396325459318	0.4585	0.03674540682414698	0.015
0	0.15223097112860892	0.489	0.03937007874015748	0.014
0	0.17454068241469817	0.558	0.2073490813648294	0.018
0	0.1679790026246719	0.6005	0.24146981627296588	0.017
0	0.4140419947506562	0.656	0.494750656167979	0.044
0	0.223753280839895	0.7265	0.3530183727034121	0.017
0	0.12992125984251968	0.904	0.17060367454068243	0.018
0	0.32349081364829396	0.902	0.06692913385826772	0.014
0	0.7322834645669292	0.906	0.12335958005249344	0.014
