0	0.03805774278215223	0.1725	0.049868766404199474	0.013
0	0.24146981627296588	0.172	0.10498687664041995	0.014
0	0.6174540682414699	0.2145	0.04068241469816273	0.013
0	0.69750656167979	0.2135	0.07480314960629922	0.017
0	0.07545931758530183	0.067	0.08792650918635171	0.07
0	0.8221784776902887	0.067	0.0984251968503937	0.07
0	0.33136482939632544	0.6545	0.09580052493438321	0.013
0	0.6673228346456693	0.654	0.04068241469816273	0.014
0	0.8451443569553806	0.832	0.028871391076115485	0.122
0	0.4507874015748031	0.0695	0.5866141732283464	0.049
0	0.4507874015748031	0.1015	0.5761154855643045	0.015
0	0.45013123359580054	0.128	0.30183727034120733	0.018
0	0.7381889763779528	0.156	0.17191601049868765	0.014
0	0.13057742782152232	0.172	0.1220472440944882	0.014
0	0.3799212598425197	0.1715	0.1036745406824147	0.017
0	0.2650918635170604	0.199	0.15223097112860892	0.016
0	0.2440944881889764	0.227	0.10236220472440945	0.016
0	0.07414698162729659	0.2005	0.1194225721784777	0.013
0	0.08792650918635171	0.2285	0.14698162729658792	0.011
0	0.64501312335958	0.1855	0.09580052493438321	0.013
0	0.64501312335958	0.1995	0.0984251968503937	0.013
0	0.65748031496063	0.228	0.12335958005249344	0.014
0	0.6673228346456693	0.243	0.14041994750656167	0.014
0	0.7624671916010499	0.1825	0.09186351706036745	0.029
0	0.7664041994750657	0.2	0.11286089238845144	0.02
0	0.2421259842519685	0.2865	0.4553805774278215	0.017
0	0.46981627296587924	0.368	0.8556430446194225	0.124
0	0.2047244094488189	0.4835	0.3805774278215223	0.015
0	0.2585301837270341	0.5095	0.4330708661417323	0.019
0	0.19028871391076116	0.537	0.2992125984251969	0.018
0	0.45013123359580054	0.575	0.8162729658792651	0.052
0	0.10236220472440945	0.598	0.17585301837270342	0.014
0	0.270997375328084	0.5985	0.14304461942257218	0.015
0	0.07217847769028872	0.6545	0.11548556430446194	0.015
0	0.42650918635170604	0.654	0.05511811023622047	0.02
0	0.49803149606299213	0.654	0.045931758530183726	0.02
0	0.5833333333333334	0.6525	0.09317585301837271	0.021
0	0.18110236220472442	0.8825	0.2204724409448819	0.017
0	0.6207349081364829	0.881	0.13910761154855644	0.014
0	0.44553805774278216	0.8895	0.20078740157480315	0.027
