0	0.639920424403183	0.398	0.0623342175066313	0.014
0	0.4230769230769231	0.3745	0.050397877984084884	0.017
0	0.4244031830238727	0.3885	0.010610079575596816	0.017
0	0.4230769230769231	0.4045	0.013262599469496022	0.015
0	0.40119363395225466	0.422	0.014588859416445624	0.014
0	0.6810344827586207	0.397	0.017241379310344827	0.014
0	0.7997347480106101	0.4155	0.013262599469496022	0.015
0	0.1810344827586207	0.47	0.038461538461538464	0.018
0	0.23143236074270557	0.4725	0.05172413793103448	0.015
0	0.28846153846153844	0.4705	0.0623342175066313	0.017
0	0.17771883289124668	0.4875	0.03713527851458886	0.017
0	0.21684350132625996	0.487	0.04111405835543767	0.014
0	0.2625994694960212	0.4865	0.050397877984084884	0.015
0	0.2957559681697613	0.4885	0.01856763925729443	0.013
0	0.3328912466843501	0.4885	0.05570291777188329	0.013
0	0.3952254641909814	0.487	0.06896551724137931	0.014
0	0.4383289124668435	0.4895	0.014588859416445624	0.013
0	0.4535809018567639	0.4905	0.010610079575596816	0.011
0	0.48010610079575594	0.4895	0.042440318302387266	0.015
0	0.5238726790450928	0.4895	0.04774535809018567	0.013
0	0.5603448275862069	0.49	0.01989389920424403	0.02
0	0.5782493368700266	0.4885	0.01856763925729443	0.013
0	0.6352785145888594	0.49	0.08753315649867374	0.014
0	0.6876657824933687	0.4905	0.022546419098143235	0.015
0	0.730106100795756	0.4905	0.05702917771883289	0.015
0	0.7844827586206896	0.49	0.054376657824933686	0.014
0	0.1816976127320955	0.675	0.04774535809018567	0.02
0	0.17108753315649866	0.691	0.026525198938992044	0.018
0	0.23342175066312998	0.7095	0.09018567639257294	0.025
0	0.3275862068965517	0.7085	0.08753315649867374	0.035
0	0.2937665782493369	0.9105	0.0649867374005305	0.013
0	0.1929708222811671	0.9105	0.0623342175066313	0.013
0	0.4482758620689655	0.089	0.596816976127321	0.018
0	0.26061007957559684	0.102	0.22413793103448276	0.014
0	0.2917771883289125	0.147	0.2838196286472148	0.014
0	0.5185676392572944	0.1945	0.4588859416445623	0.025
0	0.7572944297082228	0.167	0.23607427055702918	0.03
0	0.8262599469496021	0.1875	0.09283819628647215	0.015
0	0.5179045092838196	0.2175	0.7015915119363395	0.021
0	0.22413793103448276	0.239	0.1246684350132626	0.018
0	0.3494694960212202	0.24	0.1206896551724138	0.016
0	0.26856763925729443	0.262	0.21883289124668434	0.018
0	0.5059681697612732	0.2625	0.2002652519893899	0.017
0	0.21485411140583555	0.279	0.11405835543766578	0.016
0	0.39986737400530503	0.2785	0.13925729442970822	0.015
0	0.4973474801061008	0.3045	0.6710875331564987	0.037
0	0.34151193633952254	0.337	0.356763925729443	0.02
0	0.746684350132626	0.633	0.20689655172413793	0.018
0	0.7201591511936339	0.735	0.2917771883289125	0.02
0	0.9151193633952255	0.79	0.029177718832891247	0.12
0	0.8375331564986738	0.9165	0.05172413793103448	0.011
0	0.32891246684350134	0.7935	0.1273209549071618	0.015
0	0.39920424403183025	0.7665	0.4827586206896552	0.019
0	0.28183023872679047	0.7325	0.2480106100795756	0.019
0	0.33421750663129973	0.656	0.36074270557029176	0.018
0	0.5125994694960212	0.5305	0.7095490716180372	0.055
0	0.47148541114058357	0.5725	0.6273209549071618	0.037
0	0.5815649867374005	0.374	0.25862068965517243	0.018
0	0.2911140583554377	0.3885	0.25596816976127323	0.017
0	0.28580901856763924	0.4055	0.253315649867374	0.017
0	0.276525198938992	0.422	0.22944297082228116	0.018
0	0.3249336870026525	0.438	0.33156498673740054	0.018
0	0.7002652519893899	0.4155	0.1830238726790451	0.021
0	0.5125994694960212	0.3565	0.7015915119363395	0.021
0	0.2791777188328912	0.372	0.23474801061007958	0.02
