0	0.13123359580052493	0.2885	0.010498687664041995	0.013
0	0.17585301837270342	0.289	0.010498687664041995	0.016
0	0.13123359580052493	0.3585	0.010498687664041995	0.017
0	0.17388451443569553	0.3595	0.011811023622047244	0.015
0	0.13188976377952755	0.4275	0.011811023622047244	0.015
0	0.13057742782152232	0.4835	0.011811023622047244	0.017
0	0.17519685039370078	0.484	0.009186351706036745	0.016
0	0.13057742782152232	0.5525	0.011811023622047244	0.017
0	0.17388451443569553	0.5525	0.011811023622047244	0.015
0	0.3038057742782152	0.5815	0.011811023622047244	0.015
0	0.34776902887139105	0.5795	0.010498687664041995	0.015
0	0.3038057742782152	0.6085	0.011811023622047244	0.019
0	0.34711286089238846	0.608	0.006561679790026247	0.016
0	0.3051181102362205	0.6365	0.009186351706036745	0.013
0	0.34776902887139105	0.6355	0.010498687664041995	0.015
0	0.3038057742782152	0.663	0.011811023622047244	0.016
0	0.34776902887139105	0.663	0.010498687664041995	0.016
0	0.3031496062992126	0.6915	0.010498687664041995	0.017
0	0.34711286089238846	0.6905	0.009186351706036745	0.017
0	0.13188976377952755	0.7485	0.011811023622047244	0.015
0	0.17585301837270342	0.7485	0.010498687664041995	0.019
0	0.12992125984251968	0.8155	0.010498687664041995	0.017
0	0.17519685039370078	0.8155	0.009186351706036745	0.017
0	0.13057742782152232	0.87	0.011811023622047244	0.016
0	0.1732283464566929	0.8695	0.010498687664041995	0.015
0	0.49343832020997375	0.1285	0.29658792650918636	0.057
0	0.3274278215223097	0.205	0.40813648293963256	0.02
0	0.6758530183727034	0.1985	0.2283464566929134	0.025
0	0.4927821522309711	0.2385	0.36089238845144356	0.031
0	0.5557742782152231	0.294	0.6338582677165354	0.032
0	0.5570866141732284	0.365	0.636482939632546	0.03
0	0.37729658792650916	0.426	0.47112860892388453	0.036
0	0.5557742782152231	0.488	0.6391076115485564	0.03
0	0.4849081364829396	0.5505	0.4973753280839895	0.019
0	0.4704724409448819	0.5795	0.12467191601049869	0.017
0	0.5374015748031497	0.6065	0.26115485564304464	0.017
0	0.4763779527559055	0.6345	0.13910761154855644	0.017
0	0.4566929133858268	0.6625	0.09186351706036745	0.017
0	0.4868766404199475	0.691	0.16010498687664043	0.018
0	0.5551181102362205	0.753	0.6377952755905512	0.032
0	0.5091863517060368	0.814	0.5406824146981627	0.016
0	0.3766404199475066	0.869	0.28083989501312334	0.016
