0	0.1272965879265092	0.0745	0.05511811023622047	0.015
0	0.12467191601049869	0.5245	0.06824146981627296	0.015
0	0.14041994750656167	0.683	0.09973753280839895	0.014
0	0.11745406824146981	0.735	0.048556430446194225	0.012
0	0.12992125984251968	0.7885	0.07349081364829396	0.011
0	0.13123359580052493	0.8775	0.08136482939632546	0.011
0	0.5964566929133859	0.2865	0.02230971128608924	0.011
0	0.7355643044619422	0.3665	0.02230971128608924	0.009
0	0.597769028871391	0.3635	0.024934383202099737	0.009
0	0.6981627296587927	0.472	0.031496062992125984	0.016
0	0.5964566929133859	0.5525	0.02230971128608924	0.017
0	0.7362204724409449	0.552	0.01837270341207349	0.014
0	0.6351706036745407	0.762	0.028871391076115485	0.016
0	0.479002624671916	0.7635	0.03412073490813648	0.015
0	0.6351706036745407	0.814	0.028871391076115485	0.012
0	0.4776902887139108	0.815	0.028871391076115485	0.012
0	0.7545931758530183	0.9035	0.14435695538057744	0.019
0	0.40288713910761154	0.121	0.16535433070866143	0.03
0	0.562992125984252	0.1745	0.08398950131233596	0.025
0	0.7060367454068242	0.1805	0.06824146981627296	0.015
0	0.16994750656167978	0.1545	0.14304461942257218	0.015
0	0.20144356955380577	0.1795	0.20866141732283464	0.015
0	0.20275590551181102	0.205	0.21128608923884515	0.014
0	0.17519685039370078	0.232	0.15616797900262466	0.016
0	0.17650918635170604	0.2585	0.15879265091863518	0.015
0	0.25196850393700787	0.2855	0.30971128608923887	0.017
0	0.24540682414698162	0.311	0.29658792650918636	0.016
0	0.19816272965879264	0.337	0.1994750656167979	0.014
0	0.22506561679790027	0.365	0.26115485564304464	0.014
0	0.21719160104986876	0.3915	0.24803149606299213	0.015
0	0.1568241469816273	0.418	0.1272965879265092	0.014
0	0.2368766404199475	0.4435	0.2795275590551181	0.015
0	0.20603674540682415	0.471	0.22572178477690288	0.016
0	0.19553805774278216	0.497	0.2047244094488189	0.014
0	0.18963254593175852	0.5505	0.19291338582677164	0.017
0	0.1620734908136483	0.5765	0.1377952755905512	0.013
0	0.17519685039370078	0.602	0.16666666666666666	0.012
0	0.23031496062992127	0.6295	0.27165354330708663	0.015
0	0.15616797900262466	0.655	0.12598425196850394	0.016
0	0.1778215223097113	0.7075	0.17454068241469817	0.015
0	0.2283464566929134	0.7605	0.27296587926509186	0.015
0	0.16601049868766404	0.815	0.15091863517060367	0.014
0	0.14566929133858267	0.835	0.11023622047244094	0.012
0	0.15091863517060367	0.8575	0.12073490813648294	0.017
0	0.5098425196850394	0.6805	0.09055118110236221	0.015
0	0.6719160104986877	0.6805	0.10236220472440945	0.017
0	0.5091863517060368	0.789	0.09186351706036745	0.012
0	0.4868766404199475	0.834	0.049868766404199474	0.018
0	0.4940944881889764	0.8545	0.05905511811023622	0.015
0	0.49934383202099736	0.8815	0.07217847769028872	0.017
0	0.6666666666666666	0.7895	0.08661417322834646	0.013
0	0.6423884514435696	0.8355	0.051181102362204724	0.015
0	0.6476377952755905	0.8555	0.05380577427821522	0.015
0	0.6568241469816273	0.8815	0.06692913385826772	0.017
0	0.7263779527559056	0.6015	0.09055118110236221	0.015
0	0.5787401574803149	0.6005	0.10761154855643044	0.017
0	0.5662729658792651	0.5765	0.08267716535433071	0.019
0	0.7119422572178478	0.5775	0.06692913385826772	0.017
0	0.713254593175853	0.445	0.06430446194225722	0.014
0	0.7125984251968503	0.417	0.06824146981627296	0.014
0	0.5695538057742782	0.4185	0.07349081364829396	0.011
0	0.5721784776902887	0.4435	0.07349081364829396	0.015
0	0.568241469816273	0.4695	0.07349081364829396	0.017
0	0.571522309711286	0.3335	0.07217847769028872	0.021
0	0.5721784776902887	0.312	0.07349081364829396	0.014
0	0.7106299212598425	0.3355	0.07217847769028872	0.017
0	0.7099737532808399	0.312	0.06824146981627296	0.014
0	0.7145669291338582	0.2865	0.06430446194225722	0.011
0	0.7152230971128609	0.2605	0.06561679790026247	0.015
0	0.7119422572178478	0.2325	0.06167979002624672	0.011
0	0.7152230971128609	0.208	0.06561679790026247	0.012
0	0.5767716535433071	0.207	0.06692913385826772	0.014
0	0.5761154855643045	0.2315	0.06299212598425197	0.015
0	0.5754593175853019	0.258	0.06692913385826772	0.014
