0	0.7086614173228346	0.433	0.09186351706036745	0.012
0	0.05708661417322835	0.1815	0.06955380577427822	0.015
0	0.08595800524934383	0.2075	0.12467191601049869	0.013
0	0.07545931758530183	0.2615	0.1062992125984252	0.015
0	0.6167979002624672	0.2045	0.07349081364829396	0.013
0	0.06955380577427822	0.3695	0.08661417322834646	0.015
0	0.4146981627296588	0.3665	0.03674540682414698	0.015
0	0.26115485564304464	0.2345	0.026246719160104987	0.013
0	0.7368766404199475	0.202	0.03543307086614173	0.012
0	0.739501312335958	0.2185	0.05643044619422572	0.015
0	0.18569553805774278	0.4765	0.08005249343832022	0.017
0	0.16863517060367453	0.5035	0.045931758530183726	0.013
0	0.18569553805774278	0.5305	0.08005249343832022	0.015
0	0.1646981627296588	0.5695	0.045931758530183726	0.013
0	0.1679790026246719	0.6365	0.03937007874015748	0.013
0	0.16929133858267717	0.5825	0.049868766404199474	0.013
0	0.17913385826771652	0.5985	0.06167979002624672	0.017
0	0.17650918635170604	0.6525	0.06167979002624672	0.013
0	0.1778215223097113	0.6645	0.05905511811023622	0.013
0	0.17650918635170604	0.6755	0.06167979002624672	0.013
0	0.3641732283464567	0.4745	0.03543307086614173	0.015
0	0.3648293963254593	0.5145	0.03674540682414698	0.013
0	0.3641732283464567	0.5285	0.03543307086614173	0.013
0	0.36876640419947504	0.5825	0.03937007874015748	0.013
0	0.3674540682414698	0.5965	0.03674540682414698	0.013
0	0.3674540682414698	0.649	0.03674540682414698	0.012
0	0.3661417322834646	0.663	0.03937007874015748	0.01
0	0.36679790026246717	0.677	0.03543307086614173	0.012
0	0.36811023622047245	0.6895	0.03543307086614173	0.013
0	0.6614173228346457	0.7825	0.15485564304461943	0.017
0	0.36876640419947504	0.729	0.03937007874015748	0.012
0	0.36876640419947504	0.7445	0.03674540682414698	0.013
0	0.8162729658792651	0.801	0.023622047244094488	0.04
0	0.11482939632545931	0.0475	0.20866141732283464	0.015
0	0.4179790026246719	0.0845	0.40551181102362205	0.043
0	0.3333333333333333	0.18	0.3753280839895013	0.018
0	0.6299212598425197	0.1765	0.09973753280839895	0.015
0	0.7401574803149606	0.1765	0.08923884514435695	0.015
0	0.36089238845144356	0.211	0.4199475065616798	0.026
0	0.6286089238845144	0.22	0.10236220472440945	0.012
0	0.06496062992125984	0.2335	0.07742782152230972	0.015
0	0.19816272965879264	0.2345	0.09973753280839895	0.013
0	0.239501312335958	0.2615	0.18241469816272965	0.015
0	0.4251968503937008	0.301	0.11286089238845144	0.014
0	0.09120734908136482	0.3455	0.1220472440944882	0.013
0	0.42454068241469817	0.34	0.09580052493438321	0.018
0	0.3641732283464567	0.4285	0.06692913385826772	0.029
0	0.6916010498687664	0.479	0.2047244094488189	0.024
0	0.2047244094488189	0.517	0.13123359580052493	0.01
0	0.19816272965879264	0.6915	0.10498687664041995	0.015
0	0.20669291338582677	0.73	0.1115485564304462	0.014
0	0.19881889763779528	0.7455	0.1010498687664042	0.015
