0	0.2529182879377432	0.1465	0.07782101167315175	0.013
0	0.37094682230869	0.1485	0.028534370946822308	0.013
0	0.8229571984435797	0.1455	0.20103761348897536	0.031
0	0.23865110246433205	0.919	0.0959792477302205	0.014
0	0.8184176394293126	0.978	0.1582360570687419	0.028
0	0.4176394293125811	0.6225	0.07003891050583658	0.015
0	0.506485084306096	0.078	0.3540856031128405	0.02
0	0.5116731517509727	0.1085	0.20363164721141375	0.019
0	0.8190661478599222	0.1835	0.12062256809338522	0.021
0	0.8171206225680934	0.2185	0.10635538261997406	0.023
0	0.41180285343709466	0.1805	0.11284046692607004	0.015
0	0.3975356679636835	0.2085	0.08949416342412451	0.015
0	0.26394293125810636	0.2035	0.10505836575875487	0.015
0	0.3968871595330739	0.2525	0.14526588845654995	0.017
0	0.4909208819714656	0.2845	0.19844357976653695	0.015
0	0.5012970168612192	0.308	0.2191958495460441	0.018
0	0.5525291828793775	0.3295	0.32684824902723736	0.017
0	0.47470817120622566	0.3515	0.17380025940337224	0.015
0	0.47341115434500647	0.3735	0.17120622568093385	0.017
0	0.6562905317769131	0.396	0.5343709468223087	0.022
0	0.2587548638132296	0.5505	0.11543450064850844	0.015
0	0.45590142671854733	0.592	0.2814526588845655	0.02
0	0.4662775616083009	0.6455	0.16472114137483787	0.017
0	0.4584954604409857	0.667	0.1517509727626459	0.016
0	0.2444876783398184	0.844	0.125810635538262	0.018
0	0.36121919584954604	0.8695	0.07133592736705577	0.019
0	0.33138780804150453	0.931	0.07133592736705577	0.04
