0	0.5990813648293963	0.2795	0.045931758530183726	0.013
0	0.3825459317585302	0.2775	0.04330708661417323	0.015
0	0.4074803149606299	0.508	0.09317585301837271	0.016
0	0.5196850393700787	0.507	0.11286089238845144	0.016
0	0.40288713910761154	0.5305	0.08661417322834646	0.011
0	0.1646981627296588	0.7305	0.030183727034120734	0.011
0	0.21456692913385828	0.7285	0.03280839895013123	0.013
0	0.2158792650918635	0.741	0.03280839895013123	0.012
0	0.21719160104986876	0.7535	0.030183727034120734	0.013
0	0.2152230971128609	0.767	0.031496062992125984	0.012
0	0.2152230971128609	0.7785	0.031496062992125984	0.011
0	0.2368766404199475	0.791	0.06955380577427822	0.012
0	0.4940944881889764	0.1905	0.23753280839895013	0.015
0	0.21456692913385828	0.278	0.12467191601049869	0.016
0	0.21325459317585302	0.316	0.1220472440944882	0.014
0	0.22506561679790027	0.356	0.14566929133858267	0.016
0	0.23818897637795275	0.3925	0.17191601049868765	0.015
0	0.24015748031496062	0.432	0.17585301837270342	0.016
0	0.22703412073490814	0.565	0.15223097112860892	0.028
0	0.7066929133858267	0.278	0.14566929133858267	0.016
0	0.4868766404199475	0.3155	0.25196850393700787	0.017
0	0.421259842519685	0.3545	0.12598425196850394	0.017
0	0.4573490813648294	0.392	0.19291338582677164	0.016
0	0.5695538057742782	0.4555	0.41732283464566927	0.067
0	0.6988188976377953	0.5055	0.20341207349081364	0.013
0	0.42191601049868765	0.5705	0.1220472440944882	0.015
0	0.5695538057742782	0.691	0.11548556430446194	0.014
0	0.3241469816272966	0.818	0.24934383202099739	0.016
0	0.27165354330708663	0.8035	0.14435695538057744	0.013
0	0.7368766404199475	0.878	0.15091863517060367	0.018
0	0.631233595800525	0.725	0.2335958005249344	0.048
