0	0.3989501312335958	0.1415	0.10498687664041995	0.017
0	0.6909448818897638	0.1415	0.08792650918635171	0.017
0	0.24540682414698162	0.1935	0.08398950131233596	0.015
0	0.5393700787401575	0.232	0.10761154855643044	0.014
0	0.25196850393700787	0.232	0.06824146981627296	0.014
0	0.8038057742782152	0.321	0.07480314960629922	0.014
0	0.2388451443569554	0.3495	0.06824146981627296	0.015
0	0.7933070866141733	0.3495	0.07742782152230972	0.017
0	0.7939632545931758	0.3765	0.08398950131233596	0.015
0	0.11351706036745407	0.7895	0.1194225721784777	0.015
0	0.4940944881889764	0.7775	0.1167979002624672	0.039
0	0.589238845144357	0.7845	0.04461942257217848	0.021
0	0.8202099737532809	0.7765	0.14435695538057744	0.039
0	0.8123359580052494	0.744	0.04199475065616798	0.014
0	0.8858267716535433	0.848	0.031496062992125984	0.014
0	0.8858267716535433	0.8035	0.031496062992125984	0.013
0	0.573490813648294	0.804	0.031496062992125984	0.014
0	0.5741469816272966	0.846	0.03280839895013123	0.014
0	0.11482939632545931	0.0565	0.13517060367454067	0.071
0	0.6824146981627297	0.055	0.4330708661417323	0.038
0	0.2473753280839895	0.141	0.13517060367454067	0.016
0	0.25196850393700787	0.2125	0.11286089238845144	0.015
0	0.5400262467191601	0.194	0.14566929133858267	0.016
0	0.7742782152230971	0.1935	0.11286089238845144	0.019
0	0.5406824146981627	0.2715	0.14698162729658792	0.017
0	0.7749343832020997	0.271	0.1141732283464567	0.016
0	0.8090551181102362	0.2325	0.048556430446194225	0.015
0	0.5255905511811023	0.3495	0.13517060367454067	0.017
0	0.5249343832020997	0.374	0.12860892388451445	0.016
0	0.38320209973753283	0.791	0.10236220472440945	0.018
0	0.6804461942257218	0.791	0.1115485564304462	0.02
0	0.6811023622047244	0.834	0.10761154855643044	0.018
0	0.38320209973753283	0.834	0.10236220472440945	0.018
0	0.21653543307086615	0.8115	0.07086614173228346	0.033
0	0.11614173228346457	0.812	0.09317585301837271	0.026
0	0.10301837270341208	0.1415	0.0984251968503937	0.015
0	0.19225721784776903	0.3215	0.15616797900262466	0.017
0	0.5820209973753281	0.322	0.1272965879265092	0.018
