0	0.6797900262467191	0.1485	0.04461942257217848	0.015
0	0.30446194225721784	0.3035	0.09186351706036745	0.017
0	0.24343832020997375	0.2765	0.045931758530183726	0.013
0	0.5065616797900262	0.0895	0.2283464566929134	0.017
0	0.8011811023622047	0.15	0.16666666666666666	0.018
0	0.260498687664042	0.1485	0.08005249343832022	0.015
0	0.12992125984251968	0.15	0.11811023622047244	0.018
0	0.12926509186351706	0.2175	0.1194225721784777	0.017
0	0.3405511811023622	0.2165	0.23490813648293962	0.019
0	0.13976377952755906	0.2755	0.1377952755905512	0.017
0	0.15288713910761154	0.3075	0.16666666666666666	0.017
0	0.1541994750656168	0.364	0.16666666666666666	0.018
0	0.5610236220472441	0.3775	0.5971128608923885	0.049
0	0.42979002624671914	0.466	0.5813648293963255	0.068
0	0.19291338582677164	0.753	0.23622047244094488	0.018
0	0.6194225721784777	0.751	0.5721784776902887	0.018
0	0.3556430446194226	0.7805	0.5170603674540682	0.019
0	0.24343832020997375	0.857	0.32677165354330706	0.018
