0	0.12595419847328243	0.128	0.06361323155216285	0.018
0	0.12022900763358779	0.1615	0.05216284987277354	0.015
0	0.14122137404580154	0.2215	0.09414758269720101	0.015
0	0.13549618320610687	0.2505	0.08015267175572519	0.015
0	0.5432569974554707	0.1615	0.058524173027989825	0.015
0	0.5846055979643766	0.162	0.021628498727735368	0.014
0	0.6692111959287532	0.1925	0.06361323155216285	0.013
0	0.789440203562341	0.161	0.021628498727735368	0.014
0	0.8148854961832062	0.1605	0.026717557251908396	0.011
0	0.13231552162849872	0.803	0.06870229007633588	0.014
0	0.6889312977099237	0.379	0.026717557251908396	0.01
0	0.5305343511450382	0.379	0.030534351145038167	0.01
0	0.37340966921119595	0.3785	0.039440203562340966	0.011
0	0.42748091603053434	0.1925	0.04071246819338423	0.021
0	0.6431297709923665	0.3085	0.05216284987277354	0.017
0	0.7207379134860051	0.3095	0.031806615776081425	0.015
0	0.693384223918575	0.31	0.017811704834605598	0.014
0	0.3683206106870229	0.3085	0.013994910941475827	0.011
0	0.4510178117048346	0.309	0.013994910941475827	0.01
0	0.539440203562341	0.3095	0.022900763358778626	0.013
0	0.4586513994910941	0.339	0.021628498727735368	0.014
0	0.6622137404580153	0.506	0.03435114503816794	0.018
0	0.7334605597964376	0.4855	0.03435114503816794	0.015
0	0.7334605597964376	0.5075	0.03435114503816794	0.015
0	0.7340966921119593	0.5295	0.035623409669211195	0.017
0	0.5916030534351145	0.485	0.035623409669211195	0.02
0	0.5928753180661578	0.5075	0.030534351145038167	0.015
0	0.5935114503816794	0.5295	0.03435114503816794	0.017
0	0.4166666666666667	0.483	0.03689567430025445	0.02
0	0.4179389312977099	0.5065	0.031806615776081425	0.015
0	0.4179389312977099	0.5295	0.031806615776081425	0.017
0	0.5114503816793893	0.506	0.035623409669211195	0.02
0	0.1940203562340967	0.4825	0.039440203562340966	0.015
0	0.1940203562340967	0.5075	0.031806615776081425	0.015
0	0.19529262086513996	0.5285	0.039440203562340966	0.015
0	0.18447837150127228	0.6405	0.017811704834605598	0.013
0	0.18384223918575063	0.6635	0.019083969465648856	0.015
0	0.34923664122137404	0.665	0.03689567430025445	0.014
0	0.6634860050890585	0.663	0.03435114503816794	0.018
0	0.9376590330788804	0.854	0.022900763358778626	0.096
0	0.8778625954198473	0.023	0.05597964376590331	0.02
0	0.5114503816793893	0.084	0.361323155216285	0.026
0	0.3104325699745547	0.1215	0.25190839694656486	0.019
0	0.344147582697201	0.155	0.33969465648854963	0.022
0	0.6520356234096693	0.1515	0.07506361323155217	0.021
0	0.138676844783715	0.19	0.089058524173028	0.014
0	0.2582697201017812	0.1845	0.07124681933842239	0.017
0	0.5585241730279898	0.1835	0.19338422391857507	0.023
0	0.8307888040712468	0.184	0.09414758269720101	0.022
0	0.3638676844783715	0.214	0.2824427480916031	0.022
0	0.7283715012722646	0.2225	0.09541984732824428	0.017
0	0.8466921119592875	0.2145	0.08269720101781171	0.019
0	0.5038167938931297	0.2485	0.5343511450381679	0.039
0	0.15903307888040713	0.3085	0.12213740458015267	0.017
0	0.16030534351145037	0.3345	0.1297709923664122	0.015
0	0.7143765903307888	0.335	0.05979643765903308	0.014
0	0.7792620865139949	0.31	0.062340966921119595	0.014
0	0.1405852417302799	0.3775	0.09033078880407125	0.015
0	0.17048346055979643	0.4165	0.15267175572519084	0.021
0	0.33396946564885494	0.3935	0.03435114503816794	0.011
0	0.41030534351145037	0.394	0.031806615776081425	0.012
0	0.4904580152671756	0.394	0.031806615776081425	0.012
0	0.5674300254452926	0.3955	0.03307888040712468	0.011
0	0.6475826972010178	0.395	0.03307888040712468	0.01
0	0.7251908396946565	0.395	0.03307888040712468	0.01
0	0.8104325699745547	0.3955	0.03307888040712468	0.011
0	0.8874045801526718	0.3955	0.03435114503816794	0.011
0	0.32951653944020354	0.429	0.05089058524173028	0.02
0	0.40903307888040713	0.428	0.054707379134860054	0.02
0	0.4917302798982188	0.429	0.06997455470737914	0.02
0	0.5744274809160306	0.428	0.07251908396946564	0.018
0	0.6552162849872774	0.4305	0.04834605597964377	0.017
0	0.7207379134860051	0.4285	0.05979643765903308	0.017
0	0.34033078880407125	0.507	0.044529262086514	0.02
0	0.15267175572519084	0.461	0.10941475826972011	0.014
0	0.601145038167939	0.4625	0.4033078880407125	0.015
0	0.14694656488549618	0.594	0.09796437659033079	0.018
0	0.15458015267175573	0.6215	0.11323155216284987	0.013
0	0.34033078880407125	0.641	0.044529262086514	0.02
0	0.4115776081424936	0.6405	0.05216284987277354	0.019
0	0.49363867684478374	0.6415	0.05597964376590331	0.017
0	0.5763358778625954	0.6415	0.04834605597964377	0.015
0	0.6577608142493638	0.6405	0.04580152671755725	0.019
0	0.732824427480916	0.6415	0.058524173027989825	0.015
0	0.7334605597964376	0.664	0.05725190839694656	0.018
0	0.5756997455470738	0.6645	0.04961832061068702	0.017
0	0.49427480916030536	0.6645	0.04961832061068702	0.017
0	0.41412213740458015	0.664	0.054707379134860054	0.016
0	0.5578880407124682	0.797	0.693384223918575	0.024
0	0.31743002544529264	0.842	0.2837150127226463	0.02
0	0.5986005089058524	0.8515	0.23791348600508905	0.039
0	0.8905852417302799	0.9535	0.07633587786259542	0.013
0	0.17938931297709923	0.953	0.16793893129770993	0.014
