0	0.8009138381201044	0.0485	0.02741514360313316	0.021
0	0.7669712793733682	0.0995	0.050913838120104436	0.021
0	0.10248041775456919	0.515	0.0926892950391645	0.022
0	0.09073107049608355	0.177	0.0639686684073107	0.022
0	0.10966057441253264	0.1275	0.09138381201044386	0.017
0	0.3302872062663185	0.801	0.0783289817232376	0.018
0	0.4601827676240209	0.8005	0.0587467362924282	0.015
0	0.6403394255874674	0.802	0.05613577023498695	0.018
0	0.8361618798955613	0.803	0.10052219321148825	0.022
0	0.8433420365535248	0.048	0.04699738903394256	0.018
0	0.8466057441253264	0.1255	0.022193211488250653	0.017
0	0.8231070496083551	0.1255	0.0195822454308094	0.017
0	0.8413838120104439	0.1505	0.05352480417754569	0.017
0	0.8439947780678851	0.178	0.06135770234986945	0.02
0	0.8439947780678851	0.2025	0.05352480417754569	0.017
0	0.8413838120104439	0.229	0.05352480417754569	0.02
0	0.8381201044386423	0.257	0.018276762402088774	0.014
0	0.8426892950391645	0.2805	0.050913838120104436	0.021
0	0.3681462140992167	0.173	0.06527415143603134	0.02
0	0.37010443864229764	0.306	0.04046997389033943	0.018
0	0.3368146214099217	0.358	0.02349869451697128	0.018
0	0.3642297650130548	0.358	0.028720626631853787	0.02
0	0.8759791122715405	0.411	0.04960835509138381	0.018
0	0.48890339425587465	0.721	0.07441253263707572	0.024
0	0.3178851174934726	0.774	0.04569190600522193	0.014
0	0.8655352480417755	0.725	0.03655352480417755	0.022
0	0.7983028720626631	0.777	0.06135770234986945	0.02
0	0.9516971279373369	0.9195	0.02610966057441253	0.095
0	0.1514360313315927	0.073	0.1906005221932115	0.02
0	0.23825065274151436	0.098	0.1919060052219321	0.022
0	0.09725848563968668	0.0985	0.07180156657963446	0.021
0	0.10835509138381201	0.152	0.09660574412532637	0.022
0	0.18994778067885118	0.204	0.26240208877284593	0.02
0	0.1912532637075718	0.23	0.26240208877284593	0.018
0	0.15926892950391644	0.255	0.21148825065274152	0.022
0	0.11096605744125326	0.28	0.1122715404699739	0.02
0	0.35966057441253263	0.125	0.050913838120104436	0.018
0	0.37010443864229764	0.201	0.07702349869451697	0.02
0	0.37010443864229764	0.2805	0.20757180156657964	0.017
0	0.12336814621409922	0.307	0.1370757180156658	0.02
0	0.1370757180156658	0.333	0.1618798955613577	0.02
0	0.3537859007832898	0.3335	0.08877284595300261	0.021
0	0.12924281984334204	0.3575	0.1462140992167102	0.019
0	0.15339425587467362	0.3845	0.19973890339425587	0.023
0	0.4197127937336815	0.382	0.18407310704960836	0.024
0	0.36357702349869453	0.4085	0.11096605744125326	0.023
0	0.3674934725848564	0.436	0.10835509138381201	0.02
0	0.36488250652741516	0.463	0.10574412532637076	0.024
0	0.36488250652741516	0.489	0.11096605744125326	0.02
0	0.1475195822454308	0.489	0.18276762402088773	0.02
0	0.1821148825065274	0.436	0.24673629242819844	0.02
0	0.12010443864229765	0.41	0.1227154046997389	0.022
0	0.5483028720626631	0.528	0.7310704960835509	0.036
0	0.5424281984334204	0.58	0.6723237597911227	0.034
0	0.8433420365535248	0.076	0.20887728459530025	0.024
0	0.8492167101827677	0.1015	0.08746736292428199	0.021
0	0.606396866840731	0.124	0.15796344647519583	0.024
0	0.6214099216710183	0.1515	0.18276762402088773	0.021
0	0.6240208877284595	0.1775	0.1906005221932115	0.023
0	0.6070496083550914	0.2045	0.1566579634464752	0.021
0	0.5900783289817232	0.23	0.1227154046997389	0.022
0	0.6631853785900783	0.2575	0.2793733681462141	0.021
0	0.6044386422976501	0.282	0.15404699738903394	0.02
0	0.5907310704960835	0.308	0.12140992167101827	0.018
0	0.6599216710182768	0.334	0.2597911227154047	0.022
0	0.641644908616188	0.362	0.22845953002610966	0.022
0	0.641644908616188	0.387	0.2258485639686684	0.022
0	0.6788511749347258	0.413	0.3002610966057441	0.022
0	0.8753263707571801	0.3095	0.11618798955613577	0.021
0	0.8466057441253264	0.3345	0.0639686684073107	0.021
0	0.8498694516971279	0.36	0.06527415143603134	0.018
0	0.8498694516971279	0.383	0.06005221932114883	0.02
0	0.8714099216710183	0.4365	0.06657963446475196	0.015
0	0.8661879895561357	0.4645	0.097911227154047	0.021
0	0.8720626631853786	0.492	0.08877284595300261	0.02
0	0.643603133159269	0.49	0.23237597911227154	0.022
0	0.6664490861618799	0.4655	0.27284595300261094	0.023
0	0.6599216710182768	0.439	0.2650130548302872	0.024
0	0.11357702349869452	0.723	0.10966057441253264	0.022
0	0.21279373368146215	0.7235	0.0835509138381201	0.023
0	0.3681462140992167	0.724	0.1462140992167102	0.02
0	0.6932114882506527	0.7245	0.2402088772845953	0.025
0	0.1814621409921671	0.748	0.2558746736292428	0.024
0	0.652088772845953	0.7495	0.2754569190600522	0.025
0	0.13315926892950392	0.775	0.1566579634464752	0.022
0	0.5998694516971279	0.778	0.17101827676240208	0.022
0	0.14882506527415143	0.835	0.18798955613577023	0.02
0	0.6005221932114883	0.8365	0.6945169712793734	0.025
0	0.3178851174934726	0.8705	0.30156657963446476	0.023
0	0.7056135770234987	0.868	0.4451697127937337	0.038
0	0.6475195822454308	0.9095	0.2402088772845953	0.045
0	0.7003916449086162	0.9235	0.20234986945169714	0.021
0	0.28524804177545693	0.9335	0.21279373368146215	0.069
0	0.11488250652741515	0.9085	0.12010443864229765	0.021
0	0.11684073107049608	0.4615	0.12663185378590078	0.021
