0	0.5426509186351706	0.1535	0.051181102362204724	0.017
0	0.17060367454068243	0.1205	0.05511811023622047	0.017
0	0.17650918635170604	0.1475	0.06430446194225722	0.015
0	0.18175853018372704	0.1905	0.07742782152230972	0.015
0	0.24146981627296588	0.1895	0.023622047244094488	0.011
0	0.30708661417322836	0.191	0.08661417322834646	0.014
0	0.46062992125984253	0.1925	0.08923884514435695	0.013
0	0.3884514435695538	0.1915	0.03674540682414698	0.011
0	0.18110236220472442	0.411	0.09186351706036745	0.014
0	0.19488188976377951	0.5665	0.12467191601049869	0.015
0	0.1732283464566929	0.831	0.08923884514435695	0.014
0	0.7821522309711286	0.069	0.13385826771653545	0.096
0	0.5019685039370079	0.082	0.14304461942257218	0.016
0	0.32086614173228345	0.1225	0.1325459317585302	0.015
0	0.3464566929133858	0.156	0.23097112860892388	0.028
0	0.723753280839895	0.161	0.2664041994750656	0.028
0	0.8221784776902887	0.2705	0.20078740157480315	0.109
0	0.286745406824147	0.2595	0.2952755905511811	0.017
0	0.2073490813648294	0.2865	0.13648293963254593	0.017
0	0.22703412073490814	0.315	0.1784776902887139	0.018
0	0.22244094488188976	0.3435	0.16666666666666666	0.017
0	0.28805774278215224	0.37	0.2979002624671916	0.02
0	0.297244094488189	0.4405	0.31627296587926507	0.021
0	0.2204724409448819	0.4665	0.16535433070866143	0.015
0	0.23293963254593175	0.6065	0.20078740157480315	0.017
0	0.24868766404199474	0.6485	0.23228346456692914	0.017
0	0.25196850393700787	0.6905	0.2440944881889764	0.017
0	0.244750656167979	0.7335	0.23228346456692914	0.017
0	0.18175853018372704	0.7755	0.1115485564304462	0.015
0	0.35958005249343833	0.778	0.2020997375328084	0.014
0	0.15288713910761154	0.968	0.3031496062992126	0.03
