0	0.0662729658792651	0.114	0.08792650918635171	0.01
0	0.045931758530183726	0.168	0.047244094488188976	0.01
0	0.08267716535433071	0.168	0.023622047244094488	0.01
0	0.4776902887139108	0.161	0.06036745406824147	0.014
0	0.3300524934383202	0.219	0.014435695538057743	0.008
0	0.3274278215223097	0.194	0.03280839895013123	0.014
0	0.07808398950131233	0.2215	0.06167979002624672	0.011
0	0.03871391076115486	0.223	0.014435695538057743	0.01
0	0.3694225721784777	0.221	0.06430446194225722	0.01
0	0.6778215223097113	0.219	0.01706036745406824	0.008
0	0.8070866141732284	0.2205	0.06824146981627296	0.011
0	0.8438320209973753	0.2205	0.007874015748031496	0.011
0	0.4494750656167979	0.262	0.02230971128608924	0.008
0	0.431758530183727	0.2605	0.013123359580052493	0.007
0	0.07939632545931759	0.4015	0.06955380577427822	0.015
0	0.07611548556430446	0.4875	0.10761154855643044	0.015
0	0.32545931758530183	0.4005	0.08661417322834646	0.011
0	0.4914698162729659	0.4015	0.09580052493438321	0.013
0	0.6548556430446194	0.401	0.05511811023622047	0.014
0	0.06430446194225722	0.5205	0.08398950131233596	0.013
0	0.07742782152230972	0.5755	0.07086614173228346	0.015
0	0.3261154855643045	0.577	0.08792650918635171	0.014
0	0.49015748031496065	0.5775	0.09317585301837271	0.013
0	0.16535433070866143	0.543	0.028871391076115485	0.01
0	0.18963254593175852	0.5425	0.01706036745406824	0.013
0	0.4757217847769029	0.542	0.05643044619422572	0.014
0	0.06561679790026247	0.638	0.08398950131233596	0.014
0	0.6568241469816273	0.575	0.05905511811023622	0.01
0	0.8661417322834646	0.7695	0.028871391076115485	0.115
0	0.05708661417322835	0.861	0.04068241469816273	0.01
0	0.6614173228346457	0.863	0.03674540682414698	0.01
0	0.4658792650918635	0.0315	0.3123359580052493	0.041
0	0.06561679790026247	0.017	0.08398950131233596	0.012
0	0.05971128608923885	0.0835	0.07217847769028872	0.013
0	0.3215223097112861	0.108	0.3359580052493438	0.018
0	0.05380577427821522	0.14	0.06036745406824147	0.01
0	0.2421259842519685	0.1355	0.17716535433070865	0.015
0	0.17979002624671916	0.1635	0.05511811023622047	0.017
0	0.39238845144356954	0.167	0.047244094488188976	0.01
0	0.6843832020997376	0.166	0.09317585301837271	0.01
0	0.7769028871391076	0.159	0.06299212598425197	0.016
0	0.07611548556430446	0.1945	0.10761154855643044	0.015
0	0.18438320209973752	0.2205	0.09317585301837271	0.011
0	0.4809711286089239	0.217	0.08530183727034121	0.018
0	0.5938320209973753	0.2175	0.07742782152230972	0.017
0	0.7230971128608924	0.2185	0.07086614173228346	0.019
0	0.17388451443569553	0.2625	0.3031496062992126	0.013
0	0.08792650918635171	0.2775	0.13123359580052493	0.013
0	0.37139107611548555	0.2625	0.03937007874015748	0.011
0	0.818241469816273	0.4	0.1194225721784777	0.01
0	0.29986876640419946	0.46	0.07217847769028872	0.014
0	0.3005249343832021	0.4285	0.07349081364829396	0.013
0	0.11286089238845144	0.4285	0.1732283464566929	0.025
0	0.08727034120734908	0.4575	0.1194225721784777	0.015
0	0.318241469816273	0.516	0.3346456692913386	0.016
0	0.05971128608923885	0.5475	0.07217847769028872	0.011
0	0.39238845144356954	0.547	0.04461942257217848	0.01
0	0.6843832020997376	0.5475	0.09055118110236221	0.011
0	0.7821522309711286	0.5425	0.05511811023622047	0.013
0	0.818241469816273	0.575	0.1194225721784777	0.014
0	0.08858267716535433	0.605	0.1220472440944882	0.026
0	0.3188976377952756	0.6075	0.07349081364829396	0.013
0	0.5177165354330708	0.6705	0.7335958005249343	0.081
0	0.14501312335958005	0.788	0.09317585301837271	0.082
0	0.0583989501312336	0.7555	0.06167979002624672	0.013
0	0.25393700787401574	0.86	0.24803149606299213	0.05
0	0.7585301837270341	0.859	0.06299212598425197	0.014
0	0.15026246719160105	0.967	0.3005249343832021	0.032
