0	0.6539456662354464	0.0405	0.05304010349288486	0.017
0	0.7218628719275549	0.0405	0.06985769728331177	0.017
0	0.851875808538163	0.041	0.06338939197930142	0.014
0	0.09184993531694696	0.227	0.1034928848641656	0.018
0	0.45084087968952136	0.2295	0.07373868046571798	0.017
0	0.06921086675291074	0.18	0.050452781371280724	0.014
0	0.21992238033635186	0.18	0.06727037516170763	0.014
0	0.3848641655886158	0.1815	0.07891332470892626	0.017
0	0.07826649417852523	0.196	0.0685640362225097	0.014
0	0.2089262613195343	0.197	0.045278137128072445	0.02
0	0.36739974126778785	0.1975	0.04139715394566624	0.015
0	0.5485122897800776	0.1995	0.08279430789133248	0.017
0	0.09508408796895214	0.257	0.055627425614489	0.014
0	0.10090556274256145	0.2805	0.06727037516170763	0.013
0	0.09961190168175937	0.3025	0.059508408796895215	0.015
0	0.16752910737386806	0.3025	0.06080206985769728	0.015
0	0.13260025873221215	0.324	0.13583441138421734	0.014
0	0.09831824062095731	0.3485	0.06727037516170763	0.015
0	0.0963777490297542	0.3685	0.05821474773609314	0.011
0	0.7561448900388098	0.1845	0.07373868046571798	0.015
0	0.7445019404915912	0.2005	0.050452781371280724	0.015
0	0.7697283311772316	0.286	0.0258732212160414	0.01
0	0.648771021992238	0.3735	0.055627425614489	0.015
0	0.6552393272962483	0.3975	0.06338939197930142	0.015
0	0.630659767141009	0.4645	0.02199223803363519	0.015
0	0.6552393272962483	0.465	0.03234152652005175	0.014
0	0.6461836998706338	0.4875	0.050452781371280724	0.011
0	0.9023285899094438	0.776	0.02199223803363519	0.092
0	0.07761966364812418	0.5605	0.08538163001293661	0.017
0	0.09767141009055627	0.5825	0.07373868046571798	0.015
0	0.1054333764553687	0.604	0.0815006468305304	0.018
0	0.0963777490297542	0.6485	0.07373868046571798	0.015
0	0.10413971539456662	0.672	0.0815006468305304	0.014
0	0.28525226390685643	0.58	0.05821474773609314	0.018
0	0.276843467011643	0.6035	0.04398447606727038	0.017
0	0.28395860284605434	0.63	0.05821474773609314	0.014
0	0.2807244501940492	0.651	0.04915912031047866	0.014
0	0.47477360931435963	0.5615	0.13971539456662355	0.017
0	0.4715394566623545	0.652	0.08667529107373868	0.014
0	0.08538163001293661	0.7615	0.054333764553686936	0.015
0	0.6649417852522639	0.8985	0.028460543337645538	0.015
0	0.7147477360931436	0.9015	0.06338939197930142	0.013
0	0.7755498059508409	0.9015	0.05821474773609314	0.015
0	0.6701164294954722	0.606	0.10090556274256145	0.014
0	0.2807244501940492	0.4405	0.04139715394566624	0.015
0	0.2703751617076326	0.485	0.028460543337645538	0.018
0	0.45989650711513586	0.3025	0.045278137128072445	0.015
0	0.4540750323415265	0.3495	0.031047865459249677	0.011
0	0.5077619663648124	0.349	0.06080206985769728	0.014
0	0.4987063389391979	0.3955	0.13065976714100905	0.017
0	0.46248382923674	0.4175	0.06080206985769728	0.011
0	0.463130659767141	0.4395	0.059508408796895215	0.013
0	0.5071151358344114	0.068	0.2975420439844761	0.046
0	0.17076326002587322	0.1045	0.2147477360931436	0.017
0	0.3855109961190168	0.107	0.19922380336351875	0.018
0	0.12548512289780078	0.1255	0.17076326002587322	0.019
0	0.32147477360931437	0.129	0.21604139715394566	0.02
0	0.41009055627425617	0.153	0.09314359637774904	0.018
0	0.1998706338939198	0.1495	0.3169469598965071	0.017
0	0.5705045278137129	0.1835	0.12160413971539456	0.015
0	0.2858990944372574	0.255	0.04657179818887452	0.018
0	0.2943078913324709	0.281	0.06338939197930142	0.02
0	0.29689521345407505	0.304	0.06597671410090557	0.018
0	0.2936610608020699	0.3265	0.059508408796895215	0.013
0	0.3130659767141009	0.3495	0.09831824062095731	0.017
0	0.2884864165588616	0.3705	0.0517464424320828	0.015
0	0.3091849935316947	0.3945	0.17076326002587322	0.019
0	0.28395860284605434	0.417	0.2238033635187581	0.016
0	0.11448900388098318	0.392	0.09961190168175937	0.014
0	0.1390685640362225	0.44	0.14877102199223805	0.02
0	0.11966364812419146	0.4615	0.11254851228978008	0.015
0	0.12483829236739974	0.484	0.12807244501940493	0.018
0	0.29689521345407505	0.462	0.08408796895213454	0.018
0	0.6675291073738681	0.2615	0.09831824062095731	0.017
0	0.8046571798188874	0.261	0.09573091849935317	0.02
0	0.648124191461837	0.2835	0.04915912031047866	0.017
0	0.6759379042690815	0.3075	0.10996119016817593	0.017
0	0.6494178525226391	0.33	0.06985769728331177	0.014
0	0.6539456662354464	0.352	0.06080206985769728	0.016
0	0.6714100905562742	0.4195	0.10090556274256145	0.015
0	0.6578266494178525	0.4415	0.07373868046571798	0.017
0	0.500646830530401	0.373	0.13454075032341525	0.014
0	0.481888745148771	0.463	0.09184993531694696	0.016
0	0.5025873221216042	0.487	0.1410090556274256	0.018
0	0.48641655886157825	0.5085	0.10090556274256145	0.017
0	0.5071151358344114	0.5315	0.1423027166882277	0.015
0	0.500646830530401	0.5835	0.13454075032341525	0.017
0	0.5168175937904269	0.6085	0.16946959896507116	0.015
0	0.5103492884864166	0.6305	0.16429495472186287	0.015
0	0.5155239327296248	0.674	0.17205692108667528	0.016
0	0.7063389391979301	0.585	0.1888745148771022	0.016
0	0.6914618369987063	0.6305	0.15135834411384216	0.015
0	0.6216041397153945	0.656	0.02199223803363519	0.016
0	0.666235446313066	0.675	0.1034928848641656	0.014
0	0.30206985769728334	0.67	0.09184993531694696	0.016
0	0.10996119016817593	0.6265	0.09055627425614489	0.015
0	0.10025873221216042	0.733	0.12807244501940493	0.03
0	0.2943078913324709	0.7405	0.07632600258732213	0.017
0	0.27619663648124193	0.762	0.08926261319534282	0.018
0	0.49805950840879687	0.7245	0.19404915912031048	0.017
0	0.5413971539456662	0.7645	0.23415265200517466	0.059
0	0.49029754204398446	0.808	0.19663648124191463	0.018
0	0.38033635187580855	0.849	0.703751617076326	0.064
0	0.3369987063389392	0.9065	0.6196636481241915	0.043
0	0.7684346701164295	0.9195	0.34928848641655885	0.079
