0	0.15786082474226804	0.12	0.05798969072164949	0.01
0	0.15012886597938144	0.1505	0.04252577319587629	0.007
0	0.24484536082474226	0.1145	0.09278350515463918	0.013
0	0.226159793814433	0.145	0.08634020618556701	0.012
0	0.44394329896907214	0.1815	0.04252577319587629	0.009
0	0.6681701030927835	0.1815	0.055412371134020616	0.007
0	0.6398195876288659	0.1445	0.03994845360824742	0.013
0	0.4497422680412371	0.298	0.030927835051546393	0.01
0	0.5367268041237113	0.2995	0.04252577319587629	0.009
0	0.5367268041237113	0.3275	0.03994845360824742	0.009
0	0.4838917525773196	0.295	0.019329896907216496	0.012
0	0.48131443298969073	0.3615	0.00902061855670103	0.007
0	0.49033505154639173	0.3595	0.00902061855670103	0.007
0	0.47036082474226804	0.361	0.015463917525773196	0.012
0	0.7235824742268041	0.387	0.03479381443298969	0.01
0	0.6984536082474226	0.387	0.015463917525773196	0.01
0	0.17783505154639176	0.4715	0.01288659793814433	0.009
0	0.1797680412371134	0.4985	0.011597938144329897	0.009
0	0.1797680412371134	0.5255	0.011597938144329897	0.007
0	0.17719072164948454	0.5545	0.011597938144329897	0.007
0	0.17719072164948454	0.581	0.011597938144329897	0.01
0	0.30541237113402064	0.4765	0.03865979381443299	0.013
0	0.30670103092783507	0.5015	0.03865979381443299	0.015
0	0.30412371134020616	0.5585	0.03608247422680412	0.013
0	0.30412371134020616	0.531	0.03608247422680412	0.012
0	0.30476804123711343	0.5855	0.03479381443298969	0.013
0	0.5193298969072165	0.4775	0.04381443298969072	0.015
0	0.520618556701031	0.5035	0.04639175257731959	0.013
0	0.5193298969072165	0.533	0.04381443298969072	0.016
0	0.5199742268041238	0.5615	0.04768041237113402	0.015
0	0.5148195876288659	0.586	0.05798969072164949	0.016
0	0.15463917525773196	0.71	0.06701030927835051	0.01
0	0.9304123711340206	0.786	0.023195876288659795	0.09
0	0.7654639175257731	0.2955	0.07216494845360824	0.013
0	0.5128865979381443	0.0795	0.25773195876288657	0.015
0	0.5644329896907216	0.152	0.07216494845360824	0.01
0	0.7931701030927835	0.1545	0.03994845360824742	0.009
0	0.16623711340206185	0.1795	0.07474226804123711	0.009
0	0.26417525773195877	0.1725	0.07731958762886598	0.013
0	0.5502577319587629	0.1745	0.16237113402061856	0.013
0	0.7596649484536082	0.175	0.08118556701030928	0.014
0	0.8157216494845361	0.2045	0.07731958762886598	0.013
0	0.7300257731958762	0.2115	0.08634020618556701	0.009
0	0.36726804123711343	0.2035	0.26804123711340205	0.015
0	0.16945876288659795	0.209	0.08376288659793814	0.01
0	0.16301546391752578	0.2365	0.07087628865979381	0.009
0	0.46005154639175255	0.235	0.4381443298969072	0.042
0	0.16559278350515463	0.297	0.07603092783505154	0.01
0	0.28414948453608246	0.294	0.1481958762886598	0.014
0	0.6623711340206185	0.3	0.07731958762886598	0.01
0	0.20231958762886598	0.327	0.14948453608247422	0.01
0	0.3395618556701031	0.3185	0.05283505154639175	0.015
0	0.6494845360824743	0.32	0.14432989690721648	0.012
0	0.22358247422680413	0.3575	0.19716494845360824	0.011
0	0.39304123711340205	0.3595	0.03865979381443299	0.009
0	0.5612113402061856	0.361	0.029639175257731958	0.01
0	0.6655927835051546	0.361	0.08118556701030928	0.012
0	0.17847938144329897	0.3835	0.1018041237113402	0.009
0	0.3479381443298969	0.385	0.14690721649484537	0.01
0	0.5045103092783505	0.3855	0.06056701030927835	0.011
0	0.6153350515463918	0.3865	0.05025773195876289	0.009
0	0.8253865979381443	0.381	0.15077319587628865	0.016
0	0.1797680412371134	0.4375	0.055412371134020616	0.009
0	0.32087628865979384	0.4385	0.061855670103092786	0.009
0	0.5225515463917526	0.4425	0.10438144329896908	0.017
0	0.7893041237113402	0.444	0.1095360824742268	0.02
0	0.7564432989690721	0.4785	0.03608247422680412	0.017
0	0.7557989690721649	0.5065	0.03479381443298969	0.015
0	0.7557989690721649	0.533	0.03479381443298969	0.016
0	0.7564432989690721	0.563	0.03608247422680412	0.018
0	0.7577319587628866	0.5885	0.03865979381443299	0.013
0	0.19652061855670103	0.628	0.14304123711340205	0.01
0	0.5856958762886598	0.6225	0.6224226804123711	0.021
0	0.15914948453608246	0.6505	0.07860824742268041	0.017
0	0.37693298969072164	0.6795	0.20231958762886598	0.021
0	0.19716494845360824	0.6835	0.14690721649484537	0.011
0	0.5341494845360825	0.7065	0.6791237113402062	0.021
0	0.4832474226804124	0.745	0.7268041237113402	0.05
0	0.25322164948453607	0.807	0.2667525773195876	0.018
0	0.4948453608247423	0.817	0.18041237113402062	0.038
0	0.19072164948453607	0.902	0.14175257731958762	0.01
0	0.875	0.906	0.06701030927835051	0.012
