0	0.11926020408163265	0.2135	0.06505102040816327	0.015
0	0.12181122448979592	0.243	0.05739795918367347	0.018
0	0.12181122448979592	0.2705	0.06505102040816327	0.013
0	0.11862244897959184	0.3015	0.06377551020408163	0.015
0	0.2889030612244898	0.2135	0.05994897959183673	0.015
0	0.2889030612244898	0.2445	0.05994897959183673	0.013
0	0.288265306122449	0.2715	0.06377551020408163	0.015
0	0.28635204081632654	0.3015	0.06505102040816327	0.015
0	0.20918367346938777	0.2725	0.061224489795918366	0.013
0	0.20408163265306123	0.2405	0.06377551020408163	0.013
0	0.2059948979591837	0.215	0.05994897959183673	0.012
0	0.20216836734693877	0.3	0.05739795918367347	0.012
0	0.3705357142857143	0.2145	0.047193877551020405	0.017
0	0.3718112244897959	0.243	0.044642857142857144	0.018
0	0.367984693877551	0.2695	0.042091836734693876	0.015
0	0.3705357142857143	0.301	0.047193877551020405	0.018
0	0.45216836734693877	0.2115	0.0778061224489796	0.015
0	0.45408163265306123	0.2445	0.07653061224489796	0.013
0	0.4559948979591837	0.271	0.08035714285714286	0.02
0	0.44834183673469385	0.303	0.07015306122448979	0.012
0	0.7653061224489796	0.214	0.061224489795918366	0.02
0	0.7678571428571429	0.2445	0.061224489795918366	0.017
0	0.7678571428571429	0.2725	0.061224489795918366	0.017
0	0.7665816326530612	0.3005	0.06377551020408163	0.013
0	0.8494897959183674	0.2145	0.07653061224489796	0.017
0	0.8494897959183674	0.2465	0.07653061224489796	0.017
0	0.8507653061224489	0.301	0.07397959183673469	0.018
0	0.19642857142857142	0.1005	0.04846938775510204	0.015
0	0.5618622448979592	0.155	0.047193877551020405	0.018
0	0.11096938775510204	0.1045	0.08673469387755102	0.013
0	0.40625	0.1065	0.09311224489795919	0.013
0	0.8692602040816326	0.071	0.044642857142857144	0.012
0	0.11926020408163265	0.909	0.05994897959183673	0.02
0	0.19834183673469388	0.909	0.05739795918367347	0.02
0	0.28125	0.9085	0.07015306122448979	0.017
0	0.7665816326530612	0.909	0.06377551020408163	0.018
0	0.8456632653061225	0.9115	0.06377551020408163	0.015
0	0.47512755102040816	0.945	0.14158163265306123	0.012
0	0.8054846938775511	0.9435	0.1568877551020408	0.027
0	0.4432397959183674	0.932	0.08035714285714286	0.01
0	0.7659438775510204	0.93	0.0778061224489796	0.01
0	0.42665816326530615	0.9035	0.047193877551020405	0.013
0	0.8871173469387755	0.8085	0.029336734693877552	0.075
0	0.4655612244897959	0.056	0.3163265306122449	0.01
0	0.1875	0.072	0.22704081632653061	0.028
0	0.5414540816326531	0.1005	0.16709183673469388	0.015
0	0.704719387755102	0.096	0.08290816326530612	0.03
0	0.11415816326530612	0.175	0.08035714285714286	0.032
0	0.2002551020408163	0.1725	0.08163265306122448	0.029
0	0.27933673469387754	0.173	0.05357142857142857	0.028
0	0.36033163265306123	0.1595	0.06505102040816327	0.029
0	0.19834183673469388	0.138	0.21045918367346939	0.034
0	0.7697704081632653	0.167	0.05994897959183673	0.038
0	0.8545918367346939	0.16	0.07397959183673469	0.068
0	0.8335459183673469	0.0605	0.19770408163265307	0.021
0	0.23214285714285715	0.9315	0.29846938775510207	0.013
