0	0.21321695760598502	0.2015	0.04738154613466334	0.017
0	0.1477556109725686	0.32	0.1259351620947631	0.014
0	0.8347880299251871	0.7265	0.02119700748129676	0.071
0	0.1041147132169576	0.7925	0.03366583541147132	0.015
0	0.4688279301745636	0.0885	0.3765586034912718	0.021
0	0.13778054862842892	0.1485	0.1084788029925187	0.015
0	0.5024937655860349	0.1465	0.47880299251870323	0.017
0	0.29987531172069826	0.199	0.07855361596009976	0.018
0	0.13902743142144638	0.258	0.1084788029925187	0.028
0	0.4644638403990025	0.2685	0.39276807980049877	0.017
0	0.3260598503740648	0.3185	0.14089775561097256	0.017
0	0.16895261845386533	0.374	0.1633416458852868	0.018
0	0.4014962593516209	0.3665	0.20448877805486285	0.015
0	0.16645885286783044	0.425	0.1658354114713217	0.018
0	0.48067331670822944	0.4345	0.300498753117207	0.039
0	0.16022443890274315	0.559	0.14588528678304238	0.018
0	0.1614713216957606	0.6095	0.14588528678304238	0.017
0	0.5099750623441397	0.8035	0.08977556109725686	0.013
0	0.5118453865336658	0.8165	0.09600997506234414	0.013
0	0.5105985037406484	0.8305	0.09351620947630923	0.013
0	0.5430174563591023	0.844	0.15336658354114713	0.014
0	0.5093516209476309	0.8575	0.0885286783042394	0.013
0	0.3697007481296758	0.804	0.1084788029925187	0.014
0	0.3553615960099751	0.817	0.08478802992518704	0.012
0	0.36845386533665836	0.8305	0.11097256857855362	0.015
0	0.35785536159601	0.845	0.08977556109725686	0.014
0	0.364713216957606	0.8565	0.10349127182044887	0.015
0	0.3634663341645885	0.8705	0.10349127182044887	0.011
0	0.3622194513715711	0.8845	0.09351620947630923	0.015
0	0.1614713216957606	0.805	0.08354114713216958	0.016
0	0.1701995012468828	0.8195	0.10099750623441396	0.013
0	0.17955112219451372	0.8315	0.12219451371571072	0.013
0	0.18079800498753118	0.8445	0.12468827930174564	0.011
0	0.16209476309226933	0.8585	0.08478802992518704	0.011
0	0.18765586034912718	0.871	0.13840399002493767	0.016
