0	0.1506849315068493	0.147	0.057285180572851806	0.014
0	0.13885429638854296	0.176	0.026151930261519303	0.014
0	0.136986301369863	0.208	0.0273972602739726	0.014
0	0.15130759651307596	0.3105	0.05105853051058531	0.017
0	0.18306351183063513	0.3725	0.11955168119551682	0.015
0	0.18368617683686178	0.4865	0.1133250311332503	0.017
0	0.23412204234122042	0.1445	0.09713574097135741	0.015
0	0.43088418430884184	0.3055	0.074719800747198	0.017
0	0.43773349937733497	0.335	0.08841843088418432	0.02
0	0.42963885429638854	0.402	0.06973848069738481	0.014
0	0.42403486924034867	0.4345	0.058530510585305104	0.015
0	0.4364881693648817	0.531	0.08343711083437111	0.018
0	0.4153175591531756	0.561	0.038605230386052306	0.014
0	0.42216687422166876	0.596	0.047322540473225407	0.014
0	0.42714819427148193	0.6925	0.057285180572851806	0.017
0	0.736612702366127	0.7825	0.0759651307596513	0.025
0	0.7453300124533001	0.8035	0.043586550435865505	0.017
0	0.7353673723536738	0.822	0.058530510585305104	0.022
0	0.9265255292652553	0.821	0.0224159402241594	0.078
0	0.5062266500622665	0.6615	0.25529265255292655	0.043
0	0.541095890410959	0.108	0.29514321295143214	0.018
0	0.22976338729763388	0.176	0.11830635118306351	0.014
0	0.5716064757160647	0.2075	0.8019925280199253	0.033
0	0.5136986301369864	0.2385	0.24782067247820672	0.019
0	0.22104607721046077	0.276	0.19551681195516812	0.016
0	0.4738480697384807	0.2735	0.1581569115815691	0.017
0	0.22602739726027396	0.34	0.2054794520547945	0.016
0	0.21170610211706103	0.403	0.1718555417185554	0.016
0	0.23474470734744707	0.436	0.21793275217932753	0.018
0	0.5068493150684932	0.4815	0.199252801992528	0.025
0	0.22602739726027396	0.5335	0.20049813200498132	0.017
0	0.19489414694894147	0.566	0.13325031133250312	0.014
0	0.22291407222914073	0.5975	0.1843088418430884	0.017
0	0.25716064757160645	0.6285	0.25280199252801994	0.017
0	0.23349937733499376	0.6625	0.2054794520547945	0.017
0	0.19613947696139478	0.696	0.1307596513075965	0.018
0	0.24782067247820672	0.727	0.23910336239103364	0.018
0	0.5080946450809465	0.758	0.21668742216687423	0.018
0	0.47322540473225405	0.79	0.14694894146948942	0.018
0	0.4589041095890411	0.8055	0.12079701120797011	0.017
0	0.4794520547945205	0.8235	0.15940224159402241	0.019
