0	0.49137931034482757	0.117	0.07824933687002653	0.014
0	0.649867374005305	0.211	0.04509283819628647	0.014
0	0.1830238726790451	0.2945	0.0610079575596817	0.017
0	0.1989389920424403	0.319	0.09283819628647215	0.02
0	0.3302387267904509	0.292	0.042440318302387266	0.014
0	0.45490716180371354	0.2915	0.06631299734748011	0.013
0	0.6014588859416445	0.2895	0.08885941644562334	0.015
0	0.7606100795755968	0.2875	0.0649867374005305	0.017
0	0.7778514588859416	0.3815	0.09681697612732096	0.015
0	0.7791777188328912	0.42	0.09416445623342175	0.014
0	0.7791777188328912	0.4605	0.09416445623342175	0.015
0	0.7811671087533156	0.4995	0.09814323607427056	0.015
0	0.6545092838196287	0.3815	0.046419098143236075	0.015
0	0.656498673740053	0.422	0.04509283819628647	0.014
0	0.656498673740053	0.4615	0.042440318302387266	0.015
0	0.6584880636604774	0.5005	0.046419098143236075	0.015
0	0.46750663129973474	0.384	0.04111405835543767	0.014
0	0.5623342175066313	0.4235	0.042440318302387266	0.017
0	0.5616710875331565	0.3835	0.04111405835543767	0.015
0	0.46816976127320953	0.423	0.042440318302387266	0.014
0	0.46949602122015915	0.464	0.042440318302387266	0.014
0	0.5610079575596817	0.4625	0.04509283819628647	0.015
0	0.5629973474801061	0.5015	0.04111405835543767	0.015
0	0.46949602122015915	0.5015	0.042440318302387266	0.015
0	0.20225464190981432	0.5435	0.09416445623342175	0.017
0	0.20954907161803712	0.7165	0.09283819628647215	0.017
0	0.5610079575596817	0.686	0.029177718832891247	0.014
0	0.6777188328912467	0.686	0.03183023872679045	0.014
0	0.6836870026525199	0.7645	0.01989389920424403	0.013
0	0.5729442970822282	0.7655	0.03183023872679045	0.015
0	0.8687002652519894	0.814	0.01856763925729443	0.06
0	0.2486737400530504	0.2415	0.01989389920424403	0.011
0	0.6962864721485411	0.2895	0.01856763925729443	0.011
0	0.4290450928381963	0.423	0.014588859416445624	0.014
0	0.43103448275862066	0.4625	0.010610079575596816	0.011
0	0.4323607427055703	0.4995	0.013262599469496022	0.011
0	0.5205570291777188	0.6865	0.014588859416445624	0.013
0	0.6525198938992043	0.7635	0.013262599469496022	0.011
0	0.15251989389920426	0.1155	0.129973474801061	0.013
0	0.3017241379310345	0.1155	0.10742705570291777	0.013
0	0.8149867374005305	0.1155	0.07294429708222812	0.015
0	0.4887267904509284	0.159	0.29310344827586204	0.016
0	0.23076923076923078	0.2	0.14323607427055704	0.014
0	0.25596816976127323	0.215	0.21485411140583555	0.014
0	0.6014588859416445	0.1975	0.05172413793103448	0.015
0	0.1883289124668435	0.2415	0.07957559681697612	0.017
0	0.5305039787798409	0.238	0.19363395225464192	0.018
0	0.7175066312997348	0.2365	0.1246684350132626	0.015
0	0.20954907161803712	0.268	0.11405835543766578	0.014
0	0.3614058355437666	0.2655	0.16312997347480107	0.015
0	0.36273209549071617	0.319	0.21087533156498675	0.016
0	0.2427055702917772	0.3845	0.17771883289124668	0.015
0	0.3587533156498674	0.3835	0.027851458885941646	0.015
0	0.27586206896551724	0.4245	0.2413793103448276	0.017
0	0.2592838196286472	0.464	0.20822281167108753	0.014
0	0.25	0.5045	0.1843501326259947	0.017
0	0.5318302387267905	0.5395	0.5251989389920424	0.017
0	0.48143236074270557	0.5805	0.6445623342175066	0.041
0	0.5828912466843501	0.6595	0.3620689655172414	0.017
0	0.27519893899204245	0.6615	0.22679045092838196	0.015
0	0.30702917771883287	0.688	0.2957559681697613	0.016
0	0.5271883289124668	0.713	0.48673740053050396	0.018
0	0.29509283819628646	0.7425	0.2639257294429708	0.015
0	0.3123342175066313	0.768	0.3010610079575597	0.02
0	0.23938992042440319	0.7955	0.15251989389920426	0.015
0	0.553050397877984	0.7915	0.4509283819628647	0.015
0	0.2572944297082228	0.8195	0.1883289124668435	0.013
0	0.30437665782493367	0.8465	0.28249336870026526	0.017
0	0.6346153846153846	0.843	0.3541114058355438	0.016
0	0.36074270557029176	0.8695	0.38726790450928383	0.019
0	0.8216180371352785	0.921	0.07559681697612732	0.08
