0	0.22214854111405835	0.511	0.09681697612732096	0.024
0	0.23740053050397877	0.6445	0.1220159151193634	0.021
0	0.41445623342175064	0.693	0.014588859416445624	0.018
0	0.2864721485411141	0.7525	0.01856763925729443	0.013
0	0.28448275862068967	0.693	0.017241379310344827	0.014
0	0.8879310344827587	0.8325	0.01989389920424403	0.073
0	0.08289124668435013	0.9405	0.027851458885941646	0.013
0	0.4980106100795756	0.1255	0.7838196286472149	0.091
0	0.5013262599469496	0.253	0.6472148541114059	0.028
0	0.3282493368700265	0.3475	0.3090185676392573	0.019
0	0.23010610079575597	0.382	0.11273209549071618	0.018
0	0.2506631299734748	0.4125	0.14854111405835543	0.017
0	0.23076923076923078	0.4405	0.11405835543766578	0.017
0	0.47546419098143233	0.3805	0.26657824933687	0.017
0	0.48474801061007955	0.4105	0.28514588859416445	0.017
0	0.39986737400530503	0.4405	0.11007957559681697	0.017
0	0.2486737400530504	0.545	0.14456233421750664	0.02
0	0.2526525198938992	0.5725	0.15782493368700265	0.017
0	0.40848806366047746	0.5735	0.09549071618037135	0.015
0	0.2553050397877984	0.6645	0.15782493368700265	0.017
0	0.35145888594164454	0.693	0.10610079575596817	0.018
0	0.3806366047745358	0.723	0.20954907161803712	0.016
0	0.3660477453580902	0.752	0.13262599469496023	0.018
0	0.6432360742705571	0.6925	0.09018567639257294	0.017
0	0.656498673740053	0.7215	0.11140583554376658	0.015
0	0.6611405835543767	0.753	0.1206896551724138	0.014
0	0.34880636604774534	0.822	0.3395225464190981	0.018
0	0.30437665782493367	0.857	0.253315649867374	0.018
0	0.5305039787798409	0.858	0.10875331564986737	0.014
0	0.246684350132626	0.885	0.13793103448275862	0.014
0	0.3952254641909814	0.8845	0.1246684350132626	0.015
0	0.5629973474801061	0.886	0.13925729442970822	0.016
0	0.7175066312997348	0.8845	0.1246684350132626	0.015
