0	0.15318302387267904	0.1045	0.19230769230769232	0.051
0	0.16114058355437666	0.1585	0.05968169761273209	0.015
0	0.14920424403183025	0.1855	0.04111405835543767	0.015
0	0.15185676392572944	0.2175	0.04111405835543767	0.015
0	0.46883289124668437	0.2845	0.04907161803713528	0.015
0	0.4708222811671088	0.5025	0.06896551724137931	0.013
0	0.3129973474801061	0.797	0.07692307692307693	0.01
0	0.3003978779840849	0.812	0.05968169761273209	0.01
0	0.3063660477453581	0.8295	0.0610079575596817	0.009
0	0.3110079575596817	0.8435	0.08090185676392574	0.013
0	0.3076923076923077	0.86	0.07161803713527852	0.01
0	0.15185676392572944	0.828	0.0649867374005305	0.012
0	0.15053050397877984	0.858	0.06763925729442971	0.01
0	0.15450928381962864	0.875	0.07559681697612732	0.01
0	0.14456233421750664	0.921	0.05570291777188329	0.01
0	0.39986737400530503	0.906	0.017241379310344827	0.01
0	0.3110079575596817	0.9225	0.08090185676392574	0.009
0	0.14257294429708223	0.937	0.05172413793103448	0.012
0	0.6359416445623343	0.8375	0.09151193633952255	0.025
0	0.6306366047745358	0.8585	0.04907161803713528	0.013
0	0.8050397877984085	0.84	0.03713527851458886	0.072
0	0.40981432360742703	0.127	0.2917771883289125	0.018
0	0.6710875331564987	0.126	0.129973474801061	0.066
0	0.7871352785145889	0.093	0.08885941644562334	0.016
0	0.3348806366047745	0.1585	0.13660477453580902	0.021
0	0.3196286472148541	0.189	0.09814323607427056	0.018
0	0.33687002652519893	0.2185	0.13793103448275862	0.015
0	0.3136604774535809	0.235	0.09151193633952255	0.018
0	0.3328912466843501	0.2525	0.13262599469496023	0.019
0	0.490053050397878	0.2355	0.11007957559681697	0.021
0	0.23342175066312998	0.2825	0.20424403183023873	0.015
0	0.1889920424403183	0.3145	0.1206896551724138	0.015
0	0.1916445623342175	0.3435	0.1259946949602122	0.013
0	0.24005305039787797	0.3755	0.22281167108753316	0.015
0	0.19827586206896552	0.407	0.13925729442970822	0.018
0	0.22281167108753316	0.438	0.1962864721485411	0.016
0	0.24469496021220158	0.47	0.23474801061007958	0.018
0	0.1929708222811671	0.5005	0.13660477453580902	0.013
0	0.23209549071618038	0.5325	0.21485411140583555	0.015
0	0.1976127320954907	0.563	0.14588859416445624	0.016
0	0.22413793103448276	0.593	0.20689655172413793	0.018
0	0.2553050397877984	0.625	0.2692307692307692	0.016
0	0.23408488063660476	0.6715	0.22148541114058357	0.017
0	0.1956233421750663	0.7015	0.14456233421750664	0.013
0	0.2380636604774536	0.7315	0.2427055702917772	0.019
0	0.21087533156498675	0.7645	0.15119363395225463	0.015
0	0.5590185676392573	0.3155	0.23209549071618038	0.015
0	0.48010610079575594	0.4395	0.07957559681697612	0.013
0	0.4708222811671088	0.4715	0.0610079575596817	0.015
0	0.5344827586206896	0.5335	0.1883289124668435	0.017
0	0.45557029177718833	0.563	0.033156498673740056	0.016
0	0.46551724137931033	0.5945	0.05305039787798409	0.015
0	0.5775862068965517	0.672	0.28249336870026526	0.036
0	0.5026525198938993	0.703	0.13527851458885942	0.016
0	0.5371352785145889	0.8135	0.20424403183023873	0.017
0	0.5006631299734748	0.8445	0.13660477453580902	0.015
0	0.4880636604774536	0.861	0.11140583554376658	0.012
0	0.506631299734748	0.8745	0.15119363395225463	0.013
0	0.6571618037135278	0.876	0.08355437665782493	0.024
0	0.1724137931034483	0.781	0.10344827586206896	0.012
0	0.33156498673740054	0.782	0.11936339522546419	0.01
0	0.15450928381962864	0.797	0.07559681697612732	0.01
0	0.16644562334217505	0.8115	0.09151193633952255	0.013
0	0.18501326259946949	0.8435	0.13660477453580902	0.013
0	0.1783819628647215	0.8885	0.123342175066313	0.011
0	0.16578249336870027	0.906	0.09814323607427056	0.012
0	0.356763925729443	0.937	0.17771883289124668	0.012
0	0.3282493368700265	0.9065	0.123342175066313	0.013
0	0.3156498673740053	0.8895	0.09549071618037135	0.013
0	0.3176392572944297	0.876	0.08620689655172414	0.012
